/*
 * FILTER SPECIFICATION FILE
 * FILTER TYPE:LOW PASS                       1H
 * PASSBAND RIPPLE IN -dB            -.0100
 * STOPBAND RIPPLE IN -dB          -66.0000
 * PASSBAND CUTOFF FREQUENCY    5.69000     HERTZ
 * STOPBAND CUTOFF FREQUENCY    6.12000     HERTZ
 * SAMPLING FREQUENCY           20.0000     HERTZ
 */
  -.3137849271297455e-03,
  -.6755953654646874e-04,
   .2326252870261669e-03,
  -.1614624634385109e-03,
  -.1158984377980232e-03,
   .2114051021635532e-03,
   .6828224286437035e-04,
  -.3522797487676144e-03,
   .1759170554578304e-03,
   .2849949523806572e-03,
  -.3568925894796848e-03,
  -.1521380618214607e-03,
   .5445396527647972e-03,
  -.1707794144749641e-03,
  -.5257474258542061e-03,
   .5062967538833618e-03,
   .3262492828071117e-03,
  -.8037807419896126e-03,
   .1136297360062599e-03,
   .8607362397015095e-03,
  -.6433278322219849e-03,
  -.6174184381961823e-03,
   .1120670232921839e-02,
   .3442214801907539e-04,
  -.1305819023400545e-02,
   .7387576624751091e-03,
   .1056550536304712e-02,
  -.1477979123592377e-02,
  -.3192713484168053e-03,
   .1870564185082912e-02,
  -.7502869702875614e-03,
  -.1675266306847334e-02,
   .1847642473876476e-02,
   .7931739091873169e-03,
  -.2555002458393574e-02,
   .6227688863873482e-03,
   .2505954820662737e-02,
  -.2186967991292477e-02,
  -.1515555195510387e-02,
   .3349546808749437e-02,
  -.2860687673091888e-03,
  -.3578922711312771e-02,
   .2438103780150414e-02,
   .2555412705987692e-02,
  -.4232846200466156e-02,
  -.3483905456960201e-03,
   .4926202818751335e-02,
  -.2523601986467838e-02,
  -.3997647203505039e-02,
   .5173782818019390e-02,
   .1395780127495527e-02,
  -.6588382180780172e-02,
   .2339247148483992e-02,
   .5959283560514450e-02,
  -.6131949834525585e-02,
  -.3020572476089001e-02,
   .8632841985672712e-02,
  -.1736589241772890e-02,
  -.8627892937511206e-02,
   .7060498464852572e-02,
   .5489445291459560e-02,
  -.1119629153981805e-01,
   .4754690453410149e-03,
   .1235919492319226e-01,
  -.7909852080047131e-02,
  -.9316097479313612e-02,
   .1459939032793045e-01,
   .1910720951855183e-02,
  -.1796151325106621e-01,
   .8631225209683180e-02,
   .1572139468044043e-01,
  -.1972115319222212e-01,
  -.6601144559681416e-02,
   .2775513892993331e-01,
  -.9181375615298748e-02,
  -.2863558568060398e-01,
   .2976502152159810e-01,
   .1806837785989046e-01,
  -.5192282795906067e-01,
   .9526194538921118e-02,
   .7172224065288901e-01,
  -.6965141417458654e-01,
  -.8541030902415514e-01,
   .3052920936606824e+00,
   .5900069065392017e+00,
   .3052920936606824e+00,
  -.8541030902415514e-01,
  -.6965141417458654e-01,
   .7172224065288901e-01,
   .9526194538921118e-02,
  -.5192282795906067e-01,
   .1806837785989046e-01,
   .2976502152159810e-01,
  -.2863558568060398e-01,
  -.9181375615298748e-02,
   .2775513892993331e-01,
  -.6601144559681416e-02,
  -.1972115319222212e-01,
   .1572139468044043e-01,
   .8631225209683180e-02,
  -.1796151325106621e-01,
   .1910720951855183e-02,
   .1459939032793045e-01,
  -.9316097479313612e-02,
  -.7909852080047131e-02,
   .1235919492319226e-01,
   .4754690453410149e-03,
  -.1119629153981805e-01,
   .5489445291459560e-02,
   .7060498464852572e-02,
  -.8627892937511206e-02,
  -.1736589241772890e-02,
   .8632841985672712e-02,
  -.3020572476089001e-02,
  -.6131949834525585e-02,
   .5959283560514450e-02,
   .2339247148483992e-02,
  -.6588382180780172e-02,
   .1395780127495527e-02,
   .5173782818019390e-02,
  -.3997647203505039e-02,
  -.2523601986467838e-02,
   .4926202818751335e-02,
  -.3483905456960201e-03,
  -.4232846200466156e-02,
   .2555412705987692e-02,
   .2438103780150414e-02,
  -.3578922711312771e-02,
  -.2860687673091888e-03,
   .3349546808749437e-02,
  -.1515555195510387e-02,
  -.2186967991292477e-02,
   .2505954820662737e-02,
   .6227688863873482e-03,
  -.2555002458393574e-02,
   .7931739091873169e-03,
   .1847642473876476e-02,
  -.1675266306847334e-02,
  -.7502869702875614e-03,
   .1870564185082912e-02,
  -.3192713484168053e-03,
  -.1477979123592377e-02,
   .1056550536304712e-02,
   .7387576624751091e-03,
  -.1305819023400545e-02,
   .3442214801907539e-04,
   .1120670232921839e-02,
  -.6174184381961823e-03,
  -.6433278322219849e-03,
   .8607362397015095e-03,
   .1136297360062599e-03,
  -.8037807419896126e-03,
   .3262492828071117e-03,
   .5062967538833618e-03,
  -.5257474258542061e-03,
  -.1707794144749641e-03,
   .5445396527647972e-03,
  -.1521380618214607e-03,
  -.3568925894796848e-03,
   .2849949523806572e-03,
   .1759170554578304e-03,
  -.3522797487676144e-03,
   .6828224286437035e-04,
   .2114051021635532e-03,
  -.1158984377980232e-03,
  -.1614624634385109e-03,
   .2326252870261669e-03,
  -.6755953654646874e-04,
  -.3137849271297455e-03
