/*
 * FILTER SPECIFICATION FILE
 * FILTER TYPE:LOW PASS                       1H
 * PASSBAND RIPPLE IN -dB            -.0100
 * STOPBAND RIPPLE IN -dB          -66.0000
 * PASSBAND CUTOFF FREQUENCY    5.69000     HERTZ
 * STOPBAND CUTOFF FREQUENCY    6.12000     HERTZ
 * SAMPLING FREQUENCY           21.5200     HERTZ
 */

/*
 * probably total overkill...
*/
  -.8815620094537735E-04,
  -.3356961533427239E-03,
   .1227599568665028E-03,
   .1281457953155041E-03,
  -.1479196362197399E-03,
  -.1201131381094456E-03,
   .2271742559969425E-03,
   .6969040259718895E-04,
  -.3000237047672272E-03,
   .1565506681799889E-04,
   .3562141209840775E-03,
  -.1368308439850807E-03,
  -.3795824013650417E-03,
   .2876669168472290E-03,
   .3540110774338245E-03,
  -.4550744779407978E-03,
  -.2659554593265057E-03,
   .6190738640725613E-03,
   .1072990708053112E-03,
  -.7539116777479649E-03,
   .1217066310346127E-03,
   .8306214585900307E-03,
  -.4104166291654110E-03,
  -.8203103207051754E-03,
   .7365280762314796E-03,
   .6983750499784946E-03,
  -.1066216267645359E-02,
  -.4491899162530899E-03,
   .1356074586510658E-02,
   .7050111889839172E-04,
  -.1556793693453074E-02,
   .4230584017932415E-03,
   .1618413720279932E-02,
  -.9978362359106541E-03,
  -.1497142482548952E-02,
   .1601643394678831E-02,
   .1162088476121426E-02,
  -.2165937330573797E-02,
  -.6025419570505619E-03,
   .2611500211060047E-02,
  -.1667905598878861E-03,
  -.2855417784303427E-02,
   .1101639121770859E-02,
   .2821092493832111E-02,
  -.2127973828464747E-02,
  -.2448682673275471E-02,
   .3145063761621714E-02,
   .1706911250948906E-02,
  -.4030079115182161E-02,
  -.5993186496198177E-03,
   .4651836119592190E-02,
  -.8259965106844902E-03,
  -.4880243912339211E-02,
   .2475241199135780E-02,
   .4603198729455471E-02,
  -.4209769889712334E-02,
  -.3741886932402849E-02,
   .5853117443621159E-02,
   .2264967188239098E-02,
  -.7202429696917534E-02,
  -.2001645043492317E-03,
   .8043776731938124E-02,
  -.2357403747737408E-02,
  -.8171265944838524E-02,
   .5242727231234312E-02,
   .7407441269606352E-02,
  -.8224328979849815E-02,
  -.5622585304081440E-02,
   .1101253507658839E-01,
   .2751644235104322E-02,
  -.1327139046043158E-01,
   .1191724557429552E-02,
   .1463502133265138E-01,
  -.6110311951488257E-02,
  -.1471871789544821E-01,
   .1182264182716608E-01,
   .1312375022098422E-01,
  -.1807126961648464E-01,
  -.9420783724635840E-02,
   .2453883877024055E-01,
   .3084233496338129E-02,
  -.3086851537227631E-01,
   .6689148955047131E-02,
   .3669126378372312E-01,
  -.2150753932073712E-01,
  -.4165294021368027E-01,
   .4559329804033041E-01,
   .4544338863343000E-01,
  -.9483475470915437E-01,
  -.4782041534781456E-01,
   .3143207929097116E+00,
   .5483355415053666E+00,
   .3143207929097116E+00,
  -.4782041534781456E-01,
  -.9483475470915437E-01,
   .4544338863343000E-01,
   .4559329804033041E-01,
  -.4165294021368027E-01,
  -.2150753932073712E-01,
   .3669126378372312E-01,
   .6689148955047131E-02,
  -.3086851537227631E-01,
   .3084233496338129E-02,
   .2453883877024055E-01,
  -.9420783724635840E-02,
  -.1807126961648464E-01,
   .1312375022098422E-01,
   .1182264182716608E-01,
  -.1471871789544821E-01,
  -.6110311951488257E-02,
   .1463502133265138E-01,
   .1191724557429552E-02,
  -.1327139046043158E-01,
   .2751644235104322E-02,
   .1101253507658839E-01,
  -.5622585304081440E-02,
  -.8224328979849815E-02,
   .7407441269606352E-02,
   .5242727231234312E-02,
  -.8171265944838524E-02,
  -.2357403747737408E-02,
   .8043776731938124E-02,
  -.2001645043492317E-03,
  -.7202429696917534E-02,
   .2264967188239098E-02,
   .5853117443621159E-02,
  -.3741886932402849E-02,
  -.4209769889712334E-02,
   .4603198729455471E-02,
   .2475241199135780E-02,
  -.4880243912339211E-02,
  -.8259965106844902E-03,
   .4651836119592190E-02,
  -.5993186496198177E-03,
  -.4030079115182161E-02,
   .1706911250948906E-02,
   .3145063761621714E-02,
  -.2448682673275471E-02,
  -.2127973828464747E-02,
   .2821092493832111E-02,
   .1101639121770859E-02,
  -.2855417784303427E-02,
  -.1667905598878861E-03,
   .2611500211060047E-02,
  -.6025419570505619E-03,
  -.2165937330573797E-02,
   .1162088476121426E-02,
   .1601643394678831E-02,
  -.1497142482548952E-02,
  -.9978362359106541E-03,
   .1618413720279932E-02,
   .4230584017932415E-03,
  -.1556793693453074E-02,
   .7050111889839172E-04,
   .1356074586510658E-02,
  -.4491899162530899E-03,
  -.1066216267645359E-02,
   .6983750499784946E-03,
   .7365280762314796E-03,
  -.8203103207051754E-03,
  -.4104166291654110E-03,
   .8306214585900307E-03,
   .1217066310346127E-03,
  -.7539116777479649E-03,
   .1072990708053112E-03,
   .6190738640725613E-03,
  -.2659554593265057E-03,
  -.4550744779407978E-03,
   .3540110774338245E-03,
   .2876669168472290E-03,
  -.3795824013650417E-03,
  -.1368308439850807E-03,
   .3562141209840775E-03,
   .1565506681799889E-04,
  -.3000237047672272E-03,
   .6969040259718895E-04,
   .2271742559969425E-03,
  -.1201131381094456E-03,
  -.1479196362197399E-03,
   .1281457953155041E-03,
   .1227599568665028E-03,
  -.3356961533427239E-03,
  -.8815620094537735E-04
