69,
35,
152,
72,
220,
92,
148,
88,
31,
124,
88,
215,
65,
30,
169,
225,
0,
98,
8,
39,
35,
233,
205,
67,
15,
37,
249,
114,
194,
215,
196,
7,
251,
93,
80,
215,
186,
228,
48,
217,
97,
137,
177,
163,
168,
90,
132,
168,
189,
140,
208,
224,
118,
158,
36,
134,
196,
29,
248,
134,
245,
189,
141,
240,
26,
221,
200,
212,
194,
248,
173,
35,
130,
95,
198,
42,
185,
74,
211,
119,
215,
164,
88,
78,
66,
124,
212,
6,
154,
204,
141,
143,
137,
27,
127,
164,
249,
72,
120,
187,
64,
38,
222,
195,
133,
165,
237,
63,
240,
193,
183,
199,
101,
15,
21,
168,
140,
233,
175,
38,
182,
60,
182,
64,
87,
53,
228,
80,
126,
93,
11,
191,
132,
234,
130,
10,
143,
112,
74,
127,
49,
2,
71,
150,
18,
93,
63,
158,
71,
238,
197,
253,
43,
123,
62,
130,
177,
35,
211,
47,
129,
223,
238,
6,
202,
112,
17,
89,
224,
91,
217,
17,
94,
33,
168,
112,
126,
231,
14,
197,
214,
212,
195,
1,
79,
1,
132,
1,
36,
87,
48,
165,
55,
30,
172,
1,
143,
189,
90,
112,
24,
52,
130,
119,
85,
42,
231,
211,
18,
246,
153,
232,
202,
92,
234,
26,
93,
110,
27,
130,
197,
75,
40,
253,
106,
212,
254,
250,
145,
89,
106,
170,
141,
236,
33,
227,
23,
9,
183,
41,
255,
80,
18,
201,
172,
252,
227,
10,
107,
255,
141,
49,
74,
181,
46,
181,
138,
44,
175,
27,
133,
26,
198,
19,
6,
232,
246,
29,
241,
174,
71,
240,
254,
90,
185,
171,
87,
157,
182,
194,
157,
67,
243,
232,
248,
34,
157,
130,
78,
77,
158,
212,
103,
100,
231,
110,
76,
222,
140,
61,
140,
211,
46,
138,
46,
232,
54,
133,
133,
236,
72,
35,
47,
59,
11,
40,
94,
168,
171,
172,
246,
74,
128,
93,
174,
104,
204,
251,
70,
88,
57,
210,
44,
103,
93,
90,
79,
148,
223,
213,
129,
39,
248,
177,
99,
4,
217,
193,
172,
133,
110,
162,
207,
239,
0,
126,
87,
205,
121,
158,
37,
179,
113,
81,
27,
207,
171,
107,
99,
139,
65,
228,
178,
58,
149,
22,
62,
111,
216,
234,
244,
70,
141,
195,
54,
142,
66,
141,
91,
187,
44,
129,
111,
157,
210,
138,
108,
126,
245,
208,
9,
55,
180,
188,
113,
74,
211,
175,
185,
171,
154,
174,
242,
40,
114,
40,
183,
180,
182,
19,
112,
226,
148,
223,
128,
103,
106,
237,
229,
96,
189,
239,
151,
114,
172,
8,
189,
127,
184,
118,
43,
83,
37,
29,
123,
151,
70,
50,
76,
252,
69,
188,
223,
218,
156,
96,
65,
6,
77,
39,
102,
11,
23,
254,
125,
195,
7,
59,
67,
191,
178,
111,
18,
215,
141,
142,
111,
211,
192,
187,
208,
6,
119,
176,
225,
19,
16,
34,
26,
94,
74,
128,
105,
97,
127,
231,
37,
134,
35,
104,
69,
213,
215,
88,
172,
101,
230,
27,
56,
167,
214,
9,
174,
78,
185,
143,
98,
202,
178,
124,
40,
253,
253,
146,
94,
124,
122,
131,
2,
157,
236,
72,
114,
196,
161,
31,
41,
136,
58,
98,
47,
17,
107,
222,
96,
37,
110,
194,
239,
32,
63,
24,
29,
60,
170,
124,
185,
37,
0,
188,
195,
237,
4,
53,
178,
165,
84,
219,
45,
143,
62,
93,
161,
169,
60,
1,
206,
170,
196,
190,
203,
4,
214,
232,
65,
129,
101,
250,
166,
102,
182,
105,
83,
186,
159,
5,
96,
244,
225,
142,
132,
31,
236,
37,
201,
40,
39,
152,
210,
236,
86,
157,
240,
44,
134,
49,
173,
235,
44,
83,
81,
226,
189,
165,
157,
93,
170,
254,
81,
140,
141,
213,
171,
121,
251,
117,
161,
35,
13,
116,
16,
99,
17,
0,
144,
152,
50,
61,
132,
95,
145,
214,
66,
79,
123,
223,
172,
38,
222,
254,
178,
107,
211,
94,
229,
207,
212,
134,
242,
225,
251,
2,
69,
12,
3,
214,
164,
54,
20,
40,
149,
165,
254,
215,
245,
122,
183,
162,
160,
150,
160,
83,
1,
116,
177,
230,
67,
133,
109,
54,
103,
104,
56,
173,
117,
60,
131,
26,
115,
151,
67,
9,
61,
65,
224,
50,
188,
152,
212,
92,
46,
116,
175,
48,
232,
97,
23,
44,
231,
132,
98,
78,
237,
155,
251,
98,
215,
126,
124,
74,
22,
191,
83,
83,
1,
52,
133,
189,
205,
90,
26,
252,
207,
202,
45,
183,
43,
68,
228,
19,
201,
70,
98,
182,
225,
93,
25,
185,
220,
150,
4,
243,
86,
88,
70,
88,
141,
203,
21,
90,
38,
48,
87,
245,
250,
132,
173,
38,
200,
145,
57,
145,
215,
156,
72,
185,
250,
98,
114,
215,
248,
119,
202,
78,
207,
16,
166,
92,
220,
188,
183,
2,
237,
14,
247,
231,
146,
164,
14,
91,
53,
72,
237,
13,
228,
53,
199,
222,
151,
57,
181,
144,
177,
127,
222,
128,
143,
133,
220,
107,
66,
147,
109,
47,
162,
101,
23,
52,
9,
37,
143,
63,
110,
125,
77,
82,
179,
20,
49,
75,
78,
230,
219,
255,
102,
186,
127,
246,
64,
92,
98,
130,
240,
208,
177,
146,
53,
200,
198,
63,
238,
86,
127,
92,
212,
204,
175,
135,
224,
224,
210,
47,
199,
173,
46,
45,
104,
174,
36,
168,
10,
134,
42,
250,
86,
220,
141,
139,
165,
83,
203,
148,
170,
74,
241,
126,
22,
160,
6,
247,
128,
216,
38,
72,
134,
85,
117,
238,
3,
153,
151,
13,
32,
194,
8,
118,
158,
149,
2,
68,
233,
205,
217,
148,
23,
202,
19,
46,
106,
25,
38,
235,
241,
76,
51,
120,
162,
169,
103,
165,
66,
254,
179,
98,
192,
188,
217,
95,
82,
219,
164,
59,
169,
125,
208,
193,
71,
227,
239,
177,
252,
22,
157,
238,
98,
208,
102,
5,
121,
206,
170,
188,
204,
94,
31,
141,
26,
248,
237,
108,
212,
146,
168,
125,
15,
120,
62,
87,
91,
46,
9,
88,
68,
166,
70,
167,
118,
173,
172,
240,
124,
87,
172,
72,
181,
203,
214,
207,
196,
196,
59,
152,
86,
228,
21,
102,
92,
84,
190,
183,
131,
199,
16,
199,
110,
86,
110,
229,
4,
27,
213,
128,
114,
129,
201,
39,
77,
160,
247,
17,
100,
51,
169,
187,
23,
191,
33,
115,
20,
223,
43,
151,
167,
59,
94,
21,
146,
205,
251,
150,
233,
208,
23,
91,
82,
224,
131,
159,
129,
122,
177,
229,
173,
91,
160,
196,
27,
194,
56,
47,
162,
99,
198,
74,
159,
37,
95,
49,
243,
91,
200,
220,
43,
223,
55,
126,
192,
187,
29,
65,
53,
207,
39,
226,
42,
200,
167,
69,
138,
223,
116,
45,
67,
59,
119,
226,
97,
215,
20,
84,
50,
221,
48,
94,
188,
104,
220,
125,
35,
249,
191,
89,
200,
230,
60,
243,
175,
227,
56,
57,
195,
173,
103,
7,
233,
222,
234,
74,
181,
254,
158,
232,
219,
207,
70,
152,
56,
34,
22,
92,
28,
213,
181,
229,
188,
241,
216,
107,
213,
17,
165,
153,
190,
12,
160,
167,
235,
139,
242,
161,
138,
144,
137,
101,
96,
208,
254,
152,
242,
20,
244,
14,
234,
170,
243,
167,
155,
204,
19,
113,
221,
184,
11,
156,
197,
171,
68,
177,
55,
54,
82,
193,
199,
220,
39,
39,
172,
37,
192,
158,
58,
180,
173,
37,
94,
161,
204,
250,
109,
224,
108,
75,
153,
119,
232,
94,
35,
45,
15,
90,
99,
98,
27,
43,
62,
66,
83,
234,
104,
20,
137,
162,
201,
54,
200,
39,
215,
149,
34,
69,
117,
142,
144,
14,
6,
121,
109,
41,
166,
125,
131,
10,
223,
159,
53,
29,
225,
137,
8,
74,
157,
145,
237,
102,
200,
181,
142,
159,
74,
177,
229,
192,
64,
118,
207,
70,
239,
60,
111,
149,
185,
243,
160,
153,
146,
214,
182,
116,
95,
191,
190,
253,
80,
171,
99,
25,
97,
242,
185,
172,
163,
158,
108,
228,
20,
59,
42,
4,
120,
154,
154,
49,
141,
58,
202,
32,
16,
129,
149,
112,
65,
83,
109,
146,
255,
209,
171,
96,
196,
100,
13,
103,
2,
121,
76,
23,
181,
118,
28,
45,
17,
183,
95,
158,
241,
42,
191,
2,
172,
84,
115,
237,
168,
224,
127,
168,
178,
42,
8,
118,
142,
22,
222,
145,
143,
42,
169,
69,
160,
197,
114,
177,
124,
210,
80,
110,
252,
16,
113,
168,
101,
228,
149,
13,
197,
20,
181,
119,
63,
190,
237,
206,
212,
203,
95,
100,
245,
9,
169,
150,
207,
28,
72,
76,
238,
153,
186,
234,
169,
44,
146,
14,
17,
40,
28,
214,
61,
209,
77,
125,
144,
59,
75,
100,
6,
171,
200,
252,
180,
114,
147,
131,
142,
219,
207,
124,
117,
138,
102,
31,
183,
249,
45,
200,
34,
74,
158,
96,
27,
236,
221,
172,
39,
40,
16,
46,
212,
217,
43,
136,
75,
190,
11,
217,
154,
219,
85,
15,
102,
188,
46,
29,
182,
92,
229,
217,
166,
131,
57,
194,
112,
22,
110,
151,
63,
127,
197,
19,
88,
241,
156,
163,
175,
168,
125,
73,
131,
211,
88,
233,
143,
135,
7,
70,
227,
236,
31,
138,
112,
88,
77,
224,
111,
187,
120,
174,
59,
62,
194,
147,
47,
94,
55,
222,
6,
180,
40,
138,
135,
129,
116,
23,
8,
123,
93,
236,
103,
125,
118,
216,
213,
195,
184,
69,
127,
49,
244,
187,
111,
182,
78,
158,
21,
134,
125,
27,
59,
165,
165,
195,
38,
25,
218,
47,
149,
56,
27,
252,
181,
146,
213,
139,
86,
142,
208,
213,
191,
196,
145,
46,
123,
223,
205,
144,
102,
75,
171,
161,
240,
81,
101,
23,
107,
64,
70,
0,
120,
98,
253,
46,
244,
210,
185,
74,
96,
138,
32,
32,
78,
177,
79,
201,
145,
28,
89,
248,
103,
5,
154,
88,
87,
255,
112,
195,
63,
183,
196,
184,
25,
193,
230,
14,
148,
160,
89,
245,
42,
122,
21,
121,
43,
100,
67,
189,
129,
157,
182,
233,
162,
80,
65,
250,
80,
178,
190,
143,
105,
130,
72,
131,
67,
47,
145,
216,
208,
235,
205,
251,
101,
227,
116,
145,
71,
183,
78,
201,
84,
4,
178,
247,
85,
244,
242,
165,
166,
176,
53,
16,
50,
126,
147,
118,
173,
37,
78,
125,
16,
28,
120,
117,
0,
237,
6,
71,
164,
85,
17,
249,
90,
195,
240,
175,
184,
227,
85,
94,
147,
138,
110,
197,
8,
2,
60,
182,
39,
139,
51,
55,
167,
172,
173,
167,
153,
179,
239,
62,
9,
1,
55,
99,
196,
40,
19,
124,
12,
104,
219,
159,
243,
74,
101,
251,
76,
161,
178,
115,
44,
230,
171,
212,
146,
88,
124,
44,
12,
108,
107,
21,
109,
163,
121,
50,
204,
140,
175,
216,
244,
138,
119,
232,
213,
221,
228,
33,
127,
150,
149,
172,
124,
64,
129,
15,
153,
253,
59,
166,
105,
167,
187,
215,
74,
53,
9,
22,
193,
184,
238,
182,
67,
102,
158,
24,
68,
130,
58,
195,
24,
207,
111,
149,
16,
240,
164,
170,
238,
224,
80,
88,
135,
12,
47,
209,
65,
57,
232,
2,
242,
215,
185,
53,
62,
87,
78,
130,
218,
136,
69,
243,
87,
181,
136,
104,
166,
44,
18,
148,
13,
99,
237,
148,
111,
28,
102,
176,
86,
79,
179,
72,
38,
109,
125,
100,
197,
203,
231,
159,
83,
44,
146,
171,
226,
27,
20,
137,
72,
39,
29,
85,
138,
10,
234,
249,
39,
81,
170,
125,
160,
94,
197,
198,
203,
67,
43,
145,
15,
18,
48,
98,
63,
195,
14,
34,
222,
35,
171,
39,
74,
201,
125,
212,
212,
103,
206,
251,
185,
121,
121,
89,
215,
63,
32,
163,
130,
75,
52,
145,
94,
101,
244,
158,
40,
3,
192,
7,
38,
107,
47,
113,
52,
172,
69,
8,
20,
20,
4,
205,
141,
126,
38,
101,
189,
71,
9,
64,
147,
62,
210,
241,
163,
198,
143,
204,
202,
80,
212,
241,
187,
4,
98,
240,
176,
168,
249,
197,
188,
254,
146,
73,
124,
185,
175,
57,
1,
184,
122,
148,
246,
76,
134,
154,
19,
21,
102,
222,
102,
59,
207,
33,
63,
49,
18,
240,
218,
11,
181,
150,
9,
72,
224,
134,
2,
143,
192,
3,
71,
58,
151,
62,
135,
29,
216,
154,
51,
63,
120,
153,
123,
72,
187,
187,
122,
206,
171,
84,
218,
97,
234,
228,
169,
203,
106,
172,
90,
42,
175,
162,
101,
71,
224,
236,
101,
185,
135,
153,
248,
0,
51,
116,
72,
238,
47,
194,
189,
218,
22,
151,
60,
1,
123,
230,
204,
230,
146,
38,
17,
66,
200,
118,
137,
169,
99,
239,
98,
234,
136,
91,
234,
187,
208,
51,
170,
255,
245,
103,
218,
11,
255,
22,
12,
123,
252,
217,
97,
142,
255,
115,
208,
200,
234,
90,
114,
77,
73,
212,
56,
209,
48,
35,
141,
0,
86,
55,
0,
75,
159,
218,
87,
159,
240,
100,
26,
237,
61,
124,
124,
61,
239,
77,
6,
218,
167,
120,
39,
241,
77,
96,
195,
125,
132,
80,
126,
218,
136,
126,
38,
40,
88,
126,
199,
73,
226,
225,
55,
32,
94,
179,
94,
78,
1,
100,
40,
168,
220,
80,
154,
41,
177,
93,
167,
53,
173,
37,
16,
54,
164,
55,
94,
253,
181,
37,
70,
152,
7,
126,
184,
102,
50,
22,
180,
51,
123,
221,
220,
87,
46,
118,
129,
223,
211,
41,
20,
129,
78,
37,
183,
243,
92,
21,
240,
17,
59,
55,
169,
67,
181,
98,
170,
231,
121,
94,
27,
244,
60,
247,
76,
106,
109,
206,
73,
64,
247,
94,
193,
70,
131,
121,
57,
223,
143,
41,
241,
203,
97,
155,
14,
23,
253,
184,
255,
119,
23,
26,
108,
83,
17,
184,
190,
127,
135,
7,
191,
126,
102,
129,
196,
233,
251,
254,
200,
138,
40,
186,
85,
137,
85,
100,
160,
83,
29,
159,
202,
53,
185,
54,
137,
203,
239,
71,
74,
119,
79,
10,
245,
181,
140,
186,
158,
135,
184,
103,
18,
224,
33,
103,
106,
118,
204,
10,
201,
234,
170,
147,
31,
99,
202,
168,
47,
186,
239,
121,
50,
62,
131,
39,
243,
15,
225,
146,
151,
154,
249,
169,
123,
26,
17,
229,
145,
221,
239,
90,
199,
153,
238,
230,
253,
185,
142,
44,
116,
126,
166,
166,
189,
41,
206,
176,
57,
176,
67,
208,
74,
60,
121,
197,
87,
138,
170,
232,
104,
154,
67,
48,
52,
50,
22,
49,
236,
165,
94,
96,
36,
4,
7,
225,
46,
213,
146,
104,
133,
213,
57,
207,
18,
178,
149,
105,
61,
63,
82,
166,
218,
150,
214,
14,
200,
237,
64,
180,
147,
159,
21,
183,
164,
28,
152,
210,
241,
42,
59,
118,
0,
116,
70,
18,
