file name
U CAD-ASCII
1.0
PADSCIM OUTPUT
12-27-2005 
 155    0,    0,    0,    0,    0,    0,    0
   1,0603        , -67.67, 136.80,    90, ,R903        
   2,0603        , -65.66, 136.78,    90, ,R1012       
   3,0603        , -64.11, 136.80,    90, ,R1011       
   4,0603        , -62.59, 136.80,    90, ,R1013       
   5,0402        , -62.13, 151.00,     0, ,R926        
   6,0402        , -60.96, 151.00,     0, ,R925        
   7,0402        , -59.82, 151.00,     0, ,R927        
   8,0402        , -58.29, 151.00,     0, ,R923        
   9,0402        , -57.15, 151.00,     0, ,R922        
  10,0402        , -56.01, 151.00,     0, ,R924        
  11,0402        , -54.48, 151.00,     0, ,R920        
  12,0402        , -53.34, 151.00,     0, ,R919        
  13,0402        , -52.07, 151.00,     0, ,R921        
  14,0402        , -50.55, 151.00,     0, ,R917        
  15,0402        , -49.40, 151.00,     0, ,R916        
  16,0402        , -48.13, 151.00,     0, ,R918        
  17,0402        , -46.74, 151.00,     0, ,R914        
  18,0402        , -45.47, 151.00,     0, ,R913        
  19,0402        , -44.32, 151.00,     0, ,R915        
  20,0402        , -42.80, 151.00,     0, ,R911        
  21,0402        , -41.66, 151.00,     0, ,R910        
  22,0402        , -40.39, 151.00,     0, ,R912        
  23,0402        , -38.86, 151.00,     0, ,R908        
  24,0402        , -37.72, 151.00,     0, ,R907        
  25,0402        , -36.58, 151.00,     0, ,R909        
  26,0402        , -35.05, 151.00,     0, ,R905        
  27,0402        , -33.91, 151.00,     0, ,R904        
  28,0402        , -32.77, 151.00,     0, ,R906        
  29,0402        , -63.63, 151.00,     0, ,R930        
  30,0402        , -64.90, 151.00,     0, ,R928        
  31,0402        , -66.04, 151.00,     0, ,R929        
  32,0402        , -67.56, 151.00,     0, ,R933        
  33,0402        , -68.83, 151.00,     0, ,R931        
  34,0402        , -70.10, 151.00,     0, ,R932        
  35,0402        , -72.03, 151.00,     0, ,R936        
  36,0402        , -73.18, 151.00,     0, ,R934        
  37,0402        , -74.32, 151.00,     0, ,R935        
  38,0603        , -74.55, 106.81,     0, ,C580        
  39,0603        , -69.34, 106.93,   180, ,C549        
  40,0603        , -68.07, 103.89,   180, ,C562        
  41,0603        , -71.76, 103.89,   180, ,C568        
  42,0603        , -75.82, 103.89,   180, ,C569        
  43,0603        , -81.66, 105.16,   180, ,C561        
  44,0603        , -81.41, 106.93,   180, ,C548        
  45,0603        , -85.60, 106.93,    90, ,C567        
  46,0603        , -90.17, 106.81,     0, ,C560        
  47,0603        , -90.17, 108.59,   180, ,C566        
  48,0603        , -96.90, 100.08,   270, ,C559        
  49,0603        , -96.77,  92.33,   270, ,C558        
  50,0603        , -93.73,  92.96,    90, ,C576        
  51,0603        , -123.44,  92.58,     0, ,C586        
  52,0603        , -123.44,  94.11,     0, ,C585        
  53,0603        , -123.44,  95.50,     0, ,C542        
  54,0603        , -123.44,  96.90,     0, ,C584        
  55,0603        , -127.25,  96.77,   180, ,C583        
  56,0603        , -127.25,  95.50,   180, ,C590        
  57,0603        , -128.27,  93.73,     0, ,C621        
  58,0603        , -128.27,  92.33,   180, ,R701        
  59,0603        , -128.27,  90.93,     0, ,R861        
  60,0603        , -128.27,  89.54,   180, ,R860        
  61,0603        , -127.25,  88.27,   180, ,R1015       
  62,0603        , -123.32,  88.77,     0, ,C1015       
  63,0603        , -123.44,  90.68,     0, ,C587        
  64,1206        , -123.44,  85.60,   270, ,C713        
  65,0603        , -122.81,  83.82,   180, ,C712        
  66,0603        , -117.09,  83.31,   180, ,C616        
  67,0603        , -117.09,  84.84,   180, ,C617        
  68,0603        , -117.48,  86.36,   180, ,C589        
  69,0603        , -117.35,  87.88,   180, ,C588        
  70,0603        , -129.29,  86.23,    90, ,C618        
  71,0603        , -132.33,  85.22,   270, ,C624        
  72,0603        , -129.54,  82.80,   270, ,C610        
  73,0603        , -125.48,  80.52,     0, ,C613        
  74,0603        , -119.76,  80.52,    90, ,C614        
  75,0603        , -118.36,  80.52,    90, ,C615        
  76,1206        , -111.00,  80.62,   270, ,L510        
  77,0603        , -112.78,  83.06,     0, ,C516        
  78,0603        , -97.03,  79.88,   270, ,C557        
  79,0603        , -90.04,  76.96,   180, ,C575        
  80,0603        , -90.04,  74.93,     0, ,C565        
  81,0603        , -89.92,  73.28,     0, ,C556        
  82,0603        , -84.15,  73.93,   180, ,C574        
  83,0603        , -83.94,  72.25,     0, ,C579        
  84,0603        , -80.14,  71.88,   180, ,C573        
  85,0603        , -80.14,  73.41,     0, ,C555        
  86,0603        , -80.14,  75.06,     0, ,C564        
  87,0603        , -74.93,  73.41,     0, ,C572        
  88,0603        , -68.83,  73.53,     0, ,C554        
  89,0603        , -68.83,  75.06,     0, ,C563        
  90,0603        , -68.58,  77.09,   180, ,C571        
  91,0603        , -72.39,  77.72,   180, ,C581        
  92,0603        , -63.12,  79.63,   270, ,C553        
  93,0603        , -63.12,  87.76,   270, ,C552        
  94,0603        , -63.12,  93.98,   270, ,C551        
  95,0603        , -64.64,  94.11,    90, ,C570        
  96,0603        , -63.12, 100.33,   270, ,C550        
  97,0603        , -42.93, 100.71,    90, ,C636        
  98,0603        , -41.28, 100.71,    90, ,C633        
  99,0603        , -39.50, 100.84,    90, ,C645        
 100,0603        , -34.93, 100.97,    90, ,C634        
 101,0603        , -32.26, 100.84,    90, ,C524        
 102,0603        , -28.70,  97.79,     0, ,C644        
 103,0603        , -28.70,  95.50,     0, ,C637        
 104,0603        , -28.70,  93.98,     0, ,C643        
 105,0603        , -28.70,  91.06,     0, ,C641        
 106,0603        , -28.58,  89.66,     0, ,C640        
 107,0603        , -28.70,  87.63,     0, ,C638        
 108,0603        , -28.45,  85.09,    90, ,C639        
 109,0603        , -28.45,  82.68,     0, ,C605        
 110,0603        , -28.45,  81.28,     0, ,C599        
 111,0603        , -35.81,  79.12,     0, ,C597        
 112,0603        , -39.24,  79.12,     0, ,C526        
 113,0603        , -42.80,  79.12,     0, ,C525        
 114,0603        , -43.82,  82.04,    90, ,C598        
 115,0603        , -40.39,  82.14,   270, ,R2003       
 116,0603        , -39.75,  85.98,    90, ,C604        
 117,0603        , -41.53,  85.98,    90, ,C607        
 118,0603        , -37.02,  85.34,   180, ,R859        
 119,0603        , -37.02,  86.93,     0, ,R858        
 120,1206        , -38.23,  89.66,    90, ,L600        
 121,1206        , -38.16,  92.27,    90, ,L601        
 122,0603        , -43.43,  91.31,   270, ,C609        
 123,0603        , -43.94,  94.87,   180, ,C596        
 124,0603        , -46.86,  94.23,   270, ,R1014       
 125,0603        , -49.28,  95.00,   180, ,C1014       
 126,0603        , -38.48,  98.17,     0, ,C635        
 127,1206        , -24.51, 104.52,    90, ,C707        
 128,0603        , -24.00, 106.81,     0, ,C706        
 129,0603        , -39.62,  75.90,   180, ,R2005       
 130,0603        , -71.50,  67.56,     0, ,R424        
 131,0603        , -74.93,  67.56,   180, ,C470        
 132,0603        , -73.03,  65.66,   180, ,C535        
 133,0603        , -80.65,  64.77,   180, ,C533        
 134,0603        , -87.50,  64.64,     0, ,C532        
 135,0603        , -90.81,  62.23,    90, ,C534        
 136,0603        , -90.81,  55.50,    90, ,C537        
 137,0603        , -87.88,  49.53,     0, ,C540        
 138,0603        , -71.76,  49.02,   180, ,C539        
 139,0603        , -72.77,  46.10,   270, ,C531        
 140,0603        , -74.36,  46.16,   270, ,C530        
 141,1206        , -68.45,  46.10,   270, ,L401        
 142,0603        , -69.09,  61.85,    90, ,C536        
 143,0603        , -24.64,  55.37,   180, ,C522        
 144,0603        , -101.85,  40.13,   270, ,C903        
 145,0603        , -132.33,  88.90,    90, ,C625        
 146,0603        , -132.21,  93.22,    90, ,C623        
 147,0603        , -132.33,  96.77,   270, ,C622        
 148,0603        , -132.33, 100.20,   270, ,C582        
 149,0603        , -129.67, 101.73,     0, ,C547        
 150,0603        , -124.33, 101.85,   180, ,C594        
 151,0603        , -121.03, 101.85,   180, ,C546        
 152,0603        , -117.48, 101.85,     0, ,C544        
 153,0603        , -116.71,  99.44,   270, ,C591        
 154,0603        , -119.94,  97.99,     0, ,R2002       
 155,0603        , -121.01, 104.70,   180, ,R2001       
0,  0.00,  0.00
