VCD info: dumpfile test_hbd.vcd opened for output.
    x
    x
    x
    x
    x
    x
    x
    x
    x
    x
    x
    x
    x
    x
    x
    x
    0
    0
    0
    0
    0
    0
    0
    0
    0
    0
    0
 8192
    0
    0
    0
    0
    0
    0
    0
    0
    0
    0
    0
    0
    0
-     4
   18
-    63
  167
-   367
  737
-  1539
 5146
 5146
-  1539
  737
-   367
  167
-    63
   18
-     4
    0
    0
    0
    0
    0
-     4
   14
-    49
  118
-   249
  488
 7141
12287
17433
15894
16631
16264
16432
16368
16387
16383
16383
16383
16383
16383
16387
16368
16432
16264
16631
15894
 9241
 4095
-  1051
  488
-   249
  118
-    49
   14
-     4
    0
    0
    0
    0
    0
-     4
   14
-    49
  118
-   249
  488
-  1051
12287
17433
15894
16631
16264
16432
16368
16387
16383
16383
16383
16383
16383
16387
16368
16432
16264
16631
15894
17433
 4095
-  1051
  488
-   249
  118
-    49
   14
-     4
    0
    0
    0
    0
