2 256
2.709998 12.018395
0.046750 -2.738813
0.120993 8.388947
-1.580275 -0.892307
1.193065 -1.915609
0.187101 -3.276788
0.332251 -7.664550
-1.479436 31.246122
1.527612 27.709463
-0.524379 5.250122
0.553330 7.438797
-0.843451 -1.952987
2.263885 8.610286
0.143143 2.365493
0.616506 1.284268
-1.711327 22.096672
1.008128 17.396519
-0.106718 1.418905
-0.136246 14.273605
-1.709087 -20.531881
1.657866 -3.391068
0.138049 -4.957845
0.536729 -1.943748
0.196307 36.851948
1.272479 22.556494
-0.670219 -1.906045
0.382092 6.401132
-0.756911 -4.901017
1.829313 4.613800
0.318794 0.736830
0.612815 -2.075045
-0.410151 24.787077
1.776016 13.190924
0.106457 -0.104492
0.192206 10.183844
-1.824423 -7.715654
0.931346 4.348355
0.308813 -4.086001
0.397143 -11.808859
-0.048715 41.227314
0.877342 35.850311
-0.759794 0.476634
0.978593 7.674673
-1.195056 3.038826
2.639894 -3.411063
0.191127 3.603507
0.402932 1.084298
-2.152022 18.107616
1.546802 8.322713
-0.143089 -4.075922
-0.150142 5.866741
-1.408444 -3.250696
1.566148 -10.413164
0.178171 -10.226697
0.362164 -0.028556
-0.070125 24.390722
0.594752 17.482765
-0.286980 -6.904069
0.464818 10.205451
-1.006841 -14.357209
2.329569 -3.691613
0.335745 2.407139
1.019658 -3.155647
-1.259455 7.991899
2.383695 19.680567
-0.094947 -2.413742
0.209330 6.664768
-2.221034 1.379860
1.292387 2.046333
0.243626 -0.890741
0.428773 -7.193658
-1.113744 41.341354
2.609799 31.140514
-0.446468 2.534188
0.490104 4.627575
-1.117226 -3.241744
1.791562 8.414926
0.156012 0.183336
0.532447 3.154545
-0.764484 18.513958
0.952395 11.771298
-0.332567 0.346987
0.202165 14.716752
-2.129240 -15.558954
1.353583 -1.926790
-0.010963 -16.336386
0.399053 -2.790569
0.750657 31.148336
0.655743 24.481859
-0.453210 -0.735879
0.286900 6.546703
-0.715673 -12.357815
1.548488 3.872171
0.271874 0.802339
0.502073 -4.854850
-0.497037 17.761904
1.191161 13.954446
0.015630 1.331566
0.341867 8.935369
-2.316009 -5.395058
0.758610 1.964505
0.241320 -3.237686
0.267151 -11.234388
-0.273126 32.624771
1.753523 40.431995
-0.784011 3.045757
0.705987 5.661178
-1.386400 1.353557
2.376458 1.674851
0.242973 4.732178
0.491227 0.354061
-1.606762 8.658955
1.167111 5.987103
-0.137601 -12.041750
-0.251375 10.397204
-1.431514 -8.904108
0.988280 -13.208963
0.261484 -6.354970
0.395932 -0.702529
0.283704 26.899563
0.420959 15.441778
-0.355804 -13.727784
0.527372 12.398515
-1.169559 -15.998457
1.906688 -5.816055
0.354492 3.851572
0.825760 -4.162642
-0.490190 13.057229
2.255773 13.526449
-0.004956 -3.237127
0.026709 7.866448
-1.810372 -0.451183
1.083827 -0.183620
0.135836 -2.266582
0.375812 -5.512248
-1.966443 38.682854
1.977988 24.565481
-0.704656 6.358810
0.480786 7.051749
-0.976417 -2.422727
2.502148 6.759346
0.083588 3.258795
0.543629 0.910013
-1.231959 23.091507
0.785492 14.807000
-0.213554 1.688002
0.004748 18.171820
-1.547192 -16.116837
1.501045 -3.281141
0.080133 -4.634724
0.476592 -2.180929
0.442470 40.303989
1.072766 27.592009
-0.594738 -4.166807
0.422480 7.616091
-0.927521 -7.274406
1.991623 1.296359
0.291307 2.398781
0.721081 -1.950625
-0.804256 24.929474
1.648388 19.119692
0.060852 -0.590639
0.266085 9.103249
-1.957399 -2.884607
1.116929 2.672397
0.354580 -2.748541
0.330733 -14.156131
-0.527851 39.575626
0.991152 43.194984
-0.589619 1.269186
0.787401 8.730713
-1.013800 1.025075
2.825403 1.895381
0.240890 2.745566
0.427195 2.544456
-1.953109 12.243958
1.448616 12.060747
-0.210492 -3.379058
-0.056713 10.204020
-1.652370 -5.102737
1.294748 -12.270802
0.111608 -8.675921
0.326634 -1.167627
0.021781 31.125782
0.455335 21.468430
-0.375440 -3.371207
0.393620 11.301987
-0.851456 -19.414892
2.107030 -2.228865
0.373233 1.924056
0.884438 -1.720581
-0.975127 9.840128
2.003303 17.395407
-0.036915 -1.111372
0.148456 5.399970
-1.914412 4.773819
1.447907 0.537122
0.194979 -1.038179
0.495771 -9.955025
-1.058987 32.947052
2.011222 32.454418
-0.309650 4.719106
0.436082 4.635524
-1.237105 -1.254284
2.022740 9.428345
0.190342 1.460767
0.479017 2.484788
-1.078483 16.221748
1.207642 9.654212
-0.258087 -1.672358
0.071852 13.415978
-1.877228 -16.072031
1.289568 -4.871185
0.067713 -13.442700
0.435551 -4.165503
0.466140 30.589535
0.904895 21.597990
-0.518369 -2.532048
0.337363 5.637264
-0.554975 -17.400511
1.691879 1.145742
0.227934 0.889297
0.587303 -5.729732
-0.262133 18.666620
1.395048 17.002878
-0.019090 4.308379
0.304235 12.669943
-2.074059 -6.460845
0.920546 1.212957
0.284927 -1.785466
0.209724 -16.023964
-0.636067 31.576820
1.349887 34.677502
-0.971625 5.300859
0.590249 4.449709
-1.567867 3.602385
2.145497 4.516663
0.296022 4.120170
0.445299 0.868772
-1.441931 14.128431
1.355752 6.007401
-0.012814 -7.496573
-0.430000 8.500124
-1.204693 -7.113256
1.101018 -6.836818
0.196463 -6.234002
0.436747 -1.129788
0.141052 22.854876
0.290821 18.811443
-0.529536 -7.732510
0.634280 10.789847
-1.334721 -20.325773
1.815645 -1.903316
0.394778 3.797577
0.732682 -8.183819
-0.741244 11.768337
