3 64
2.048073  2.534502  2.645915  
2.019670  2.269744  2.605462  
1.961101  2.329646  2.562857  
1.968573  2.532712  2.616918  
2.183480  2.514381  2.629582  
2.259379  2.516615  2.620410  
2.172791  2.462460  2.567064  
2.097666  2.303933  2.421685  
2.052990  2.353242  2.546992  
2.043642  2.232362  2.499262  
2.106151  2.393131  2.488401  
2.099167  2.437862  2.558655  
2.013877  2.422875  2.530071  
2.033848  2.483776  2.584598  
2.114474  2.516856  2.602372  
2.229214  2.584056  2.678855  
2.131151  2.584299  2.674845  
1.472721  2.477091  2.630241  
2.010907  2.598415  2.682989  
2.353653  2.524066  2.619773  
2.419897  2.623938  2.699605  
2.319080  2.602148  2.689044  
1.860342  2.503881  2.616576  
1.910517  2.386693  2.610126  
1.748689  2.371809  2.496542  
1.618495  2.403425  2.554956  
1.844073  2.437026  2.533443  
1.924810  2.388543  2.502698  
1.937227  2.258363  2.501697  
1.687554  2.209123  2.545239  
1.851950  2.278628  2.565632  
1.868154  2.330150  2.444883  
1.874180  2.213118  2.351940  
1.757311  2.030626  2.433836  
1.650306  2.152371  2.243421  
1.612794  1.884686  2.339313  
1.745431  2.278895  2.389449  
1.590923  2.304155  2.408510  
1.475982  2.275548  2.509897  
1.508695  2.045463  2.455520  
1.872054  2.061777  2.246202  
1.983947  2.159155  2.445535  
1.745180  2.483765  2.593698  
1.900116  2.079600  2.407479  
1.841672  2.167042  2.486827  
1.932912  2.148464  2.569850  
2.134174  2.363673  2.584252  
2.106094  2.450645  2.638417  
1.954135  2.460313  2.666512  
1.907634  2.573801  2.674025  
1.625579  2.539569  2.656363  
1.785866  2.572616  2.676082  
1.798447  2.376454  2.624298  
2.020033  2.397244  2.619868  
1.946581  2.468791  2.564185  
2.008920  2.342400  2.469132  
1.983846  2.271044  2.395408  
1.988039  2.154150  2.317920  
2.077197  2.216622  2.389101  
2.117255  2.283907  2.512242  
2.177233  2.334622  2.458268  
2.214655  2.425510  2.620013  
2.199931  2.390272  2.520731  
2.271755  2.448682  2.552649  
