6 729
 -50  -50  -50  -50  -50  -50 
   0  -50  -50  -50  -50  -50 
  50  -50  -50  -50  -50  -50 
 -50    0  -50  -50  -50  -50 
   0    0  -50  -50  -50  -50 
  50    0  -50  -50  -50  -50 
 -50   50  -50  -50  -50  -50 
   0   50  -50  -50  -50  -50 
  50   50  -50  -50  -50  -50 
 -50  -50    0  -50  -50  -50 
   0  -50    0  -50  -50  -50 
  50  -50    0  -50  -50  -50 
 -50    0    0  -50  -50  -50 
   0    0    0  -50  -50  -50 
  50    0    0  -50  -50  -50 
 -50   50    0  -50  -50  -50 
   0   50    0  -50  -50  -50 
  50   50    0  -50  -50  -50 
 -50  -50   50  -50  -50  -50 
   0  -50   50  -50  -50  -50 
  50  -50   50  -50  -50  -50 
 -50    0   50  -50  -50  -50 
   0    0   50  -50  -50  -50 
  50    0   50  -50  -50  -50 
 -50   50   50  -50  -50  -50 
   0   50   50  -50  -50  -50 
  50   50   50  -50  -50  -50 
 -50  -50  -50    0  -50  -50 
   0  -50  -50    0  -50  -50 
  50  -50  -50    0  -50  -50 
 -50    0  -50    0  -50  -50 
   0    0  -50    0  -50  -50 
  50    0  -50    0  -50  -50 
 -50   50  -50    0  -50  -50 
   0   50  -50    0  -50  -50 
  50   50  -50    0  -50  -50 
 -50  -50    0    0  -50  -50 
   0  -50    0    0  -50  -50 
  50  -50    0    0  -50  -50 
 -50    0    0    0  -50  -50 
   0    0    0    0  -50  -50 
  50    0    0    0  -50  -50 
 -50   50    0    0  -50  -50 
   0   50    0    0  -50  -50 
  50   50    0    0  -50  -50 
 -50  -50   50    0  -50  -50 
   0  -50   50    0  -50  -50 
  50  -50   50    0  -50  -50 
 -50    0   50    0  -50  -50 
   0    0   50    0  -50  -50 
  50    0   50    0  -50  -50 
 -50   50   50    0  -50  -50 
   0   50   50    0  -50  -50 
  50   50   50    0  -50  -50 
 -50  -50  -50   50  -50  -50 
   0  -50  -50   50  -50  -50 
  50  -50  -50   50  -50  -50 
 -50    0  -50   50  -50  -50 
   0    0  -50   50  -50  -50 
  50    0  -50   50  -50  -50 
 -50   50  -50   50  -50  -50 
   0   50  -50   50  -50  -50 
  50   50  -50   50  -50  -50 
 -50  -50    0   50  -50  -50 
   0  -50    0   50  -50  -50 
  50  -50    0   50  -50  -50 
 -50    0    0   50  -50  -50 
   0    0    0   50  -50  -50 
  50    0    0   50  -50  -50 
 -50   50    0   50  -50  -50 
   0   50    0   50  -50  -50 
  50   50    0   50  -50  -50 
 -50  -50   50   50  -50  -50 
   0  -50   50   50  -50  -50 
  50  -50   50   50  -50  -50 
 -50    0   50   50  -50  -50 
   0    0   50   50  -50  -50 
  50    0   50   50  -50  -50 
 -50   50   50   50  -50  -50 
   0   50   50   50  -50  -50 
  50   50   50   50  -50  -50 
 -50  -50  -50  -50    0  -50 
   0  -50  -50  -50    0  -50 
  50  -50  -50  -50    0  -50 
 -50    0  -50  -50    0  -50 
   0    0  -50  -50    0  -50 
  50    0  -50  -50    0  -50 
 -50   50  -50  -50    0  -50 
   0   50  -50  -50    0  -50 
  50   50  -50  -50    0  -50 
 -50  -50    0  -50    0  -50 
   0  -50    0  -50    0  -50 
  50  -50    0  -50    0  -50 
 -50    0    0  -50    0  -50 
   0    0    0  -50    0  -50 
  50    0    0  -50    0  -50 
 -50   50    0  -50    0  -50 
   0   50    0  -50    0  -50 
  50   50    0  -50    0  -50 
 -50  -50   50  -50    0  -50 
   0  -50   50  -50    0  -50 
  50  -50   50  -50    0  -50 
 -50    0   50  -50    0  -50 
   0    0   50  -50    0  -50 
  50    0   50  -50    0  -50 
 -50   50   50  -50    0  -50 
   0   50   50  -50    0  -50 
  50   50   50  -50    0  -50 
 -50  -50  -50    0    0  -50 
   0  -50  -50    0    0  -50 
  50  -50  -50    0    0  -50 
 -50    0  -50    0    0  -50 
   0    0  -50    0    0  -50 
  50    0  -50    0    0  -50 
 -50   50  -50    0    0  -50 
   0   50  -50    0    0  -50 
  50   50  -50    0    0  -50 
 -50  -50    0    0    0  -50 
   0  -50    0    0    0  -50 
  50  -50    0    0    0  -50 
 -50    0    0    0    0  -50 
   0    0    0    0    0  -50 
  50    0    0    0    0  -50 
 -50   50    0    0    0  -50 
   0   50    0    0    0  -50 
  50   50    0    0    0  -50 
 -50  -50   50    0    0  -50 
   0  -50   50    0    0  -50 
  50  -50   50    0    0  -50 
 -50    0   50    0    0  -50 
   0    0   50    0    0  -50 
  50    0   50    0    0  -50 
 -50   50   50    0    0  -50 
   0   50   50    0    0  -50 
  50   50   50    0    0  -50 
 -50  -50  -50   50    0  -50 
   0  -50  -50   50    0  -50 
  50  -50  -50   50    0  -50 
 -50    0  -50   50    0  -50 
   0    0  -50   50    0  -50 
  50    0  -50   50    0  -50 
 -50   50  -50   50    0  -50 
   0   50  -50   50    0  -50 
  50   50  -50   50    0  -50 
 -50  -50    0   50    0  -50 
   0  -50    0   50    0  -50 
  50  -50    0   50    0  -50 
 -50    0    0   50    0  -50 
   0    0    0   50    0  -50 
  50    0    0   50    0  -50 
 -50   50    0   50    0  -50 
   0   50    0   50    0  -50 
  50   50    0   50    0  -50 
 -50  -50   50   50    0  -50 
   0  -50   50   50    0  -50 
  50  -50   50   50    0  -50 
 -50    0   50   50    0  -50 
   0    0   50   50    0  -50 
  50    0   50   50    0  -50 
 -50   50   50   50    0  -50 
   0   50   50   50    0  -50 
  50   50   50   50    0  -50 
 -50  -50  -50  -50   50  -50 
   0  -50  -50  -50   50  -50 
  50  -50  -50  -50   50  -50 
 -50    0  -50  -50   50  -50 
   0    0  -50  -50   50  -50 
  50    0  -50  -50   50  -50 
 -50   50  -50  -50   50  -50 
   0   50  -50  -50   50  -50 
  50   50  -50  -50   50  -50 
 -50  -50    0  -50   50  -50 
   0  -50    0  -50   50  -50 
  50  -50    0  -50   50  -50 
 -50    0    0  -50   50  -50 
   0    0    0  -50   50  -50 
  50    0    0  -50   50  -50 
 -50   50    0  -50   50  -50 
   0   50    0  -50   50  -50 
  50   50    0  -50   50  -50 
 -50  -50   50  -50   50  -50 
   0  -50   50  -50   50  -50 
  50  -50   50  -50   50  -50 
 -50    0   50  -50   50  -50 
   0    0   50  -50   50  -50 
  50    0   50  -50   50  -50 
 -50   50   50  -50   50  -50 
   0   50   50  -50   50  -50 
  50   50   50  -50   50  -50 
 -50  -50  -50    0   50  -50 
   0  -50  -50    0   50  -50 
  50  -50  -50    0   50  -50 
 -50    0  -50    0   50  -50 
   0    0  -50    0   50  -50 
  50    0  -50    0   50  -50 
 -50   50  -50    0   50  -50 
   0   50  -50    0   50  -50 
  50   50  -50    0   50  -50 
 -50  -50    0    0   50  -50 
   0  -50    0    0   50  -50 
  50  -50    0    0   50  -50 
 -50    0    0    0   50  -50 
   0    0    0    0   50  -50 
  50    0    0    0   50  -50 
 -50   50    0    0   50  -50 
   0   50    0    0   50  -50 
  50   50    0    0   50  -50 
 -50  -50   50    0   50  -50 
   0  -50   50    0   50  -50 
  50  -50   50    0   50  -50 
 -50    0   50    0   50  -50 
   0    0   50    0   50  -50 
  50    0   50    0   50  -50 
 -50   50   50    0   50  -50 
   0   50   50    0   50  -50 
  50   50   50    0   50  -50 
 -50  -50  -50   50   50  -50 
   0  -50  -50   50   50  -50 
  50  -50  -50   50   50  -50 
 -50    0  -50   50   50  -50 
   0    0  -50   50   50  -50 
  50    0  -50   50   50  -50 
 -50   50  -50   50   50  -50 
   0   50  -50   50   50  -50 
  50   50  -50   50   50  -50 
 -50  -50    0   50   50  -50 
   0  -50    0   50   50  -50 
  50  -50    0   50   50  -50 
 -50    0    0   50   50  -50 
   0    0    0   50   50  -50 
  50    0    0   50   50  -50 
 -50   50    0   50   50  -50 
   0   50    0   50   50  -50 
  50   50    0   50   50  -50 
 -50  -50   50   50   50  -50 
   0  -50   50   50   50  -50 
  50  -50   50   50   50  -50 
 -50    0   50   50   50  -50 
   0    0   50   50   50  -50 
  50    0   50   50   50  -50 
 -50   50   50   50   50  -50 
   0   50   50   50   50  -50 
  50   50   50   50   50  -50 
 -50  -50  -50  -50  -50    0 
   0  -50  -50  -50  -50    0 
  50  -50  -50  -50  -50    0 
 -50    0  -50  -50  -50    0 
   0    0  -50  -50  -50    0 
  50    0  -50  -50  -50    0 
 -50   50  -50  -50  -50    0 
   0   50  -50  -50  -50    0 
  50   50  -50  -50  -50    0 
 -50  -50    0  -50  -50    0 
   0  -50    0  -50  -50    0 
  50  -50    0  -50  -50    0 
 -50    0    0  -50  -50    0 
   0    0    0  -50  -50    0 
  50    0    0  -50  -50    0 
 -50   50    0  -50  -50    0 
   0   50    0  -50  -50    0 
  50   50    0  -50  -50    0 
 -50  -50   50  -50  -50    0 
   0  -50   50  -50  -50    0 
  50  -50   50  -50  -50    0 
 -50    0   50  -50  -50    0 
   0    0   50  -50  -50    0 
  50    0   50  -50  -50    0 
 -50   50   50  -50  -50    0 
   0   50   50  -50  -50    0 
  50   50   50  -50  -50    0 
 -50  -50  -50    0  -50    0 
   0  -50  -50    0  -50    0 
  50  -50  -50    0  -50    0 
 -50    0  -50    0  -50    0 
   0    0  -50    0  -50    0 
  50    0  -50    0  -50    0 
 -50   50  -50    0  -50    0 
   0   50  -50    0  -50    0 
  50   50  -50    0  -50    0 
 -50  -50    0    0  -50    0 
   0  -50    0    0  -50    0 
  50  -50    0    0  -50    0 
 -50    0    0    0  -50    0 
   0    0    0    0  -50    0 
  50    0    0    0  -50    0 
 -50   50    0    0  -50    0 
   0   50    0    0  -50    0 
  50   50    0    0  -50    0 
 -50  -50   50    0  -50    0 
   0  -50   50    0  -50    0 
  50  -50   50    0  -50    0 
 -50    0   50    0  -50    0 
   0    0   50    0  -50    0 
  50    0   50    0  -50    0 
 -50   50   50    0  -50    0 
   0   50   50    0  -50    0 
  50   50   50    0  -50    0 
 -50  -50  -50   50  -50    0 
   0  -50  -50   50  -50    0 
  50  -50  -50   50  -50    0 
 -50    0  -50   50  -50    0 
   0    0  -50   50  -50    0 
  50    0  -50   50  -50    0 
 -50   50  -50   50  -50    0 
   0   50  -50   50  -50    0 
  50   50  -50   50  -50    0 
 -50  -50    0   50  -50    0 
   0  -50    0   50  -50    0 
  50  -50    0   50  -50    0 
 -50    0    0   50  -50    0 
   0    0    0   50  -50    0 
  50    0    0   50  -50    0 
 -50   50    0   50  -50    0 
   0   50    0   50  -50    0 
  50   50    0   50  -50    0 
 -50  -50   50   50  -50    0 
   0  -50   50   50  -50    0 
  50  -50   50   50  -50    0 
 -50    0   50   50  -50    0 
   0    0   50   50  -50    0 
  50    0   50   50  -50    0 
 -50   50   50   50  -50    0 
   0   50   50   50  -50    0 
  50   50   50   50  -50    0 
 -50  -50  -50  -50    0    0 
   0  -50  -50  -50    0    0 
  50  -50  -50  -50    0    0 
 -50    0  -50  -50    0    0 
   0    0  -50  -50    0    0 
  50    0  -50  -50    0    0 
 -50   50  -50  -50    0    0 
   0   50  -50  -50    0    0 
  50   50  -50  -50    0    0 
 -50  -50    0  -50    0    0 
   0  -50    0  -50    0    0 
  50  -50    0  -50    0    0 
 -50    0    0  -50    0    0 
   0    0    0  -50    0    0 
  50    0    0  -50    0    0 
 -50   50    0  -50    0    0 
   0   50    0  -50    0    0 
  50   50    0  -50    0    0 
 -50  -50   50  -50    0    0 
   0  -50   50  -50    0    0 
  50  -50   50  -50    0    0 
 -50    0   50  -50    0    0 
   0    0   50  -50    0    0 
  50    0   50  -50    0    0 
 -50   50   50  -50    0    0 
   0   50   50  -50    0    0 
  50   50   50  -50    0    0 
 -50  -50  -50    0    0    0 
   0  -50  -50    0    0    0 
  50  -50  -50    0    0    0 
 -50    0  -50    0    0    0 
   0    0  -50    0    0    0 
  50    0  -50    0    0    0 
 -50   50  -50    0    0    0 
   0   50  -50    0    0    0 
  50   50  -50    0    0    0 
 -50  -50    0    0    0    0 
   0  -50    0    0    0    0 
  50  -50    0    0    0    0 
 -50    0    0    0    0    0 
   0    0    0    0    0    0 
  50    0    0    0    0    0 
 -50   50    0    0    0    0 
   0   50    0    0    0    0 
  50   50    0    0    0    0 
 -50  -50   50    0    0    0 
   0  -50   50    0    0    0 
  50  -50   50    0    0    0 
 -50    0   50    0    0    0 
   0    0   50    0    0    0 
  50    0   50    0    0    0 
 -50   50   50    0    0    0 
   0   50   50    0    0    0 
  50   50   50    0    0    0 
 -50  -50  -50   50    0    0 
   0  -50  -50   50    0    0 
  50  -50  -50   50    0    0 
 -50    0  -50   50    0    0 
   0    0  -50   50    0    0 
  50    0  -50   50    0    0 
 -50   50  -50   50    0    0 
   0   50  -50   50    0    0 
  50   50  -50   50    0    0 
 -50  -50    0   50    0    0 
   0  -50    0   50    0    0 
  50  -50    0   50    0    0 
 -50    0    0   50    0    0 
   0    0    0   50    0    0 
  50    0    0   50    0    0 
 -50   50    0   50    0    0 
   0   50    0   50    0    0 
  50   50    0   50    0    0 
 -50  -50   50   50    0    0 
   0  -50   50   50    0    0 
  50  -50   50   50    0    0 
 -50    0   50   50    0    0 
   0    0   50   50    0    0 
  50    0   50   50    0    0 
 -50   50   50   50    0    0 
   0   50   50   50    0    0 
  50   50   50   50    0    0 
 -50  -50  -50  -50   50    0 
   0  -50  -50  -50   50    0 
  50  -50  -50  -50   50    0 
 -50    0  -50  -50   50    0 
   0    0  -50  -50   50    0 
  50    0  -50  -50   50    0 
 -50   50  -50  -50   50    0 
   0   50  -50  -50   50    0 
  50   50  -50  -50   50    0 
 -50  -50    0  -50   50    0 
   0  -50    0  -50   50    0 
  50  -50    0  -50   50    0 
 -50    0    0  -50   50    0 
   0    0    0  -50   50    0 
  50    0    0  -50   50    0 
 -50   50    0  -50   50    0 
   0   50    0  -50   50    0 
  50   50    0  -50   50    0 
 -50  -50   50  -50   50    0 
   0  -50   50  -50   50    0 
  50  -50   50  -50   50    0 
 -50    0   50  -50   50    0 
   0    0   50  -50   50    0 
  50    0   50  -50   50    0 
 -50   50   50  -50   50    0 
   0   50   50  -50   50    0 
  50   50   50  -50   50    0 
 -50  -50  -50    0   50    0 
   0  -50  -50    0   50    0 
  50  -50  -50    0   50    0 
 -50    0  -50    0   50    0 
   0    0  -50    0   50    0 
  50    0  -50    0   50    0 
 -50   50  -50    0   50    0 
   0   50  -50    0   50    0 
  50   50  -50    0   50    0 
 -50  -50    0    0   50    0 
   0  -50    0    0   50    0 
  50  -50    0    0   50    0 
 -50    0    0    0   50    0 
   0    0    0    0   50    0 
  50    0    0    0   50    0 
 -50   50    0    0   50    0 
   0   50    0    0   50    0 
  50   50    0    0   50    0 
 -50  -50   50    0   50    0 
   0  -50   50    0   50    0 
  50  -50   50    0   50    0 
 -50    0   50    0   50    0 
   0    0   50    0   50    0 
  50    0   50    0   50    0 
 -50   50   50    0   50    0 
   0   50   50    0   50    0 
  50   50   50    0   50    0 
 -50  -50  -50   50   50    0 
   0  -50  -50   50   50    0 
  50  -50  -50   50   50    0 
 -50    0  -50   50   50    0 
   0    0  -50   50   50    0 
  50    0  -50   50   50    0 
 -50   50  -50   50   50    0 
   0   50  -50   50   50    0 
  50   50  -50   50   50    0 
 -50  -50    0   50   50    0 
   0  -50    0   50   50    0 
  50  -50    0   50   50    0 
 -50    0    0   50   50    0 
   0    0    0   50   50    0 
  50    0    0   50   50    0 
 -50   50    0   50   50    0 
   0   50    0   50   50    0 
  50   50    0   50   50    0 
 -50  -50   50   50   50    0 
   0  -50   50   50   50    0 
  50  -50   50   50   50    0 
 -50    0   50   50   50    0 
   0    0   50   50   50    0 
  50    0   50   50   50    0 
 -50   50   50   50   50    0 
   0   50   50   50   50    0 
  50   50   50   50   50    0 
 -50  -50  -50  -50  -50   50 
   0  -50  -50  -50  -50   50 
  50  -50  -50  -50  -50   50 
 -50    0  -50  -50  -50   50 
   0    0  -50  -50  -50   50 
  50    0  -50  -50  -50   50 
 -50   50  -50  -50  -50   50 
   0   50  -50  -50  -50   50 
  50   50  -50  -50  -50   50 
 -50  -50    0  -50  -50   50 
   0  -50    0  -50  -50   50 
  50  -50    0  -50  -50   50 
 -50    0    0  -50  -50   50 
   0    0    0  -50  -50   50 
  50    0    0  -50  -50   50 
 -50   50    0  -50  -50   50 
   0   50    0  -50  -50   50 
  50   50    0  -50  -50   50 
 -50  -50   50  -50  -50   50 
   0  -50   50  -50  -50   50 
  50  -50   50  -50  -50   50 
 -50    0   50  -50  -50   50 
   0    0   50  -50  -50   50 
  50    0   50  -50  -50   50 
 -50   50   50  -50  -50   50 
   0   50   50  -50  -50   50 
  50   50   50  -50  -50   50 
 -50  -50  -50    0  -50   50 
   0  -50  -50    0  -50   50 
  50  -50  -50    0  -50   50 
 -50    0  -50    0  -50   50 
   0    0  -50    0  -50   50 
  50    0  -50    0  -50   50 
 -50   50  -50    0  -50   50 
   0   50  -50    0  -50   50 
  50   50  -50    0  -50   50 
 -50  -50    0    0  -50   50 
   0  -50    0    0  -50   50 
  50  -50    0    0  -50   50 
 -50    0    0    0  -50   50 
   0    0    0    0  -50   50 
  50    0    0    0  -50   50 
 -50   50    0    0  -50   50 
   0   50    0    0  -50   50 
  50   50    0    0  -50   50 
 -50  -50   50    0  -50   50 
   0  -50   50    0  -50   50 
  50  -50   50    0  -50   50 
 -50    0   50    0  -50   50 
   0    0   50    0  -50   50 
  50    0   50    0  -50   50 
 -50   50   50    0  -50   50 
   0   50   50    0  -50   50 
  50   50   50    0  -50   50 
 -50  -50  -50   50  -50   50 
   0  -50  -50   50  -50   50 
  50  -50  -50   50  -50   50 
 -50    0  -50   50  -50   50 
   0    0  -50   50  -50   50 
  50    0  -50   50  -50   50 
 -50   50  -50   50  -50   50 
   0   50  -50   50  -50   50 
  50   50  -50   50  -50   50 
 -50  -50    0   50  -50   50 
   0  -50    0   50  -50   50 
  50  -50    0   50  -50   50 
 -50    0    0   50  -50   50 
   0    0    0   50  -50   50 
  50    0    0   50  -50   50 
 -50   50    0   50  -50   50 
   0   50    0   50  -50   50 
  50   50    0   50  -50   50 
 -50  -50   50   50  -50   50 
   0  -50   50   50  -50   50 
  50  -50   50   50  -50   50 
 -50    0   50   50  -50   50 
   0    0   50   50  -50   50 
  50    0   50   50  -50   50 
 -50   50   50   50  -50   50 
   0   50   50   50  -50   50 
  50   50   50   50  -50   50 
 -50  -50  -50  -50    0   50 
   0  -50  -50  -50    0   50 
  50  -50  -50  -50    0   50 
 -50    0  -50  -50    0   50 
   0    0  -50  -50    0   50 
  50    0  -50  -50    0   50 
 -50   50  -50  -50    0   50 
   0   50  -50  -50    0   50 
  50   50  -50  -50    0   50 
 -50  -50    0  -50    0   50 
   0  -50    0  -50    0   50 
  50  -50    0  -50    0   50 
 -50    0    0  -50    0   50 
   0    0    0  -50    0   50 
  50    0    0  -50    0   50 
 -50   50    0  -50    0   50 
   0   50    0  -50    0   50 
  50   50    0  -50    0   50 
 -50  -50   50  -50    0   50 
   0  -50   50  -50    0   50 
  50  -50   50  -50    0   50 
 -50    0   50  -50    0   50 
   0    0   50  -50    0   50 
  50    0   50  -50    0   50 
 -50   50   50  -50    0   50 
   0   50   50  -50    0   50 
  50   50   50  -50    0   50 
 -50  -50  -50    0    0   50 
   0  -50  -50    0    0   50 
  50  -50  -50    0    0   50 
 -50    0  -50    0    0   50 
   0    0  -50    0    0   50 
  50    0  -50    0    0   50 
 -50   50  -50    0    0   50 
   0   50  -50    0    0   50 
  50   50  -50    0    0   50 
 -50  -50    0    0    0   50 
   0  -50    0    0    0   50 
  50  -50    0    0    0   50 
 -50    0    0    0    0   50 
   0    0    0    0    0   50 
  50    0    0    0    0   50 
 -50   50    0    0    0   50 
   0   50    0    0    0   50 
  50   50    0    0    0   50 
 -50  -50   50    0    0   50 
   0  -50   50    0    0   50 
  50  -50   50    0    0   50 
 -50    0   50    0    0   50 
   0    0   50    0    0   50 
  50    0   50    0    0   50 
 -50   50   50    0    0   50 
   0   50   50    0    0   50 
  50   50   50    0    0   50 
 -50  -50  -50   50    0   50 
   0  -50  -50   50    0   50 
  50  -50  -50   50    0   50 
 -50    0  -50   50    0   50 
   0    0  -50   50    0   50 
  50    0  -50   50    0   50 
 -50   50  -50   50    0   50 
   0   50  -50   50    0   50 
  50   50  -50   50    0   50 
 -50  -50    0   50    0   50 
   0  -50    0   50    0   50 
  50  -50    0   50    0   50 
 -50    0    0   50    0   50 
   0    0    0   50    0   50 
  50    0    0   50    0   50 
 -50   50    0   50    0   50 
   0   50    0   50    0   50 
  50   50    0   50    0   50 
 -50  -50   50   50    0   50 
   0  -50   50   50    0   50 
  50  -50   50   50    0   50 
 -50    0   50   50    0   50 
   0    0   50   50    0   50 
  50    0   50   50    0   50 
 -50   50   50   50    0   50 
   0   50   50   50    0   50 
  50   50   50   50    0   50 
 -50  -50  -50  -50   50   50 
   0  -50  -50  -50   50   50 
  50  -50  -50  -50   50   50 
 -50    0  -50  -50   50   50 
   0    0  -50  -50   50   50 
  50    0  -50  -50   50   50 
 -50   50  -50  -50   50   50 
   0   50  -50  -50   50   50 
  50   50  -50  -50   50   50 
 -50  -50    0  -50   50   50 
   0  -50    0  -50   50   50 
  50  -50    0  -50   50   50 
 -50    0    0  -50   50   50 
   0    0    0  -50   50   50 
  50    0    0  -50   50   50 
 -50   50    0  -50   50   50 
   0   50    0  -50   50   50 
  50   50    0  -50   50   50 
 -50  -50   50  -50   50   50 
   0  -50   50  -50   50   50 
  50  -50   50  -50   50   50 
 -50    0   50  -50   50   50 
   0    0   50  -50   50   50 
  50    0   50  -50   50   50 
 -50   50   50  -50   50   50 
   0   50   50  -50   50   50 
  50   50   50  -50   50   50 
 -50  -50  -50    0   50   50 
   0  -50  -50    0   50   50 
  50  -50  -50    0   50   50 
 -50    0  -50    0   50   50 
   0    0  -50    0   50   50 
  50    0  -50    0   50   50 
 -50   50  -50    0   50   50 
   0   50  -50    0   50   50 
  50   50  -50    0   50   50 
 -50  -50    0    0   50   50 
   0  -50    0    0   50   50 
  50  -50    0    0   50   50 
 -50    0    0    0   50   50 
   0    0    0    0   50   50 
  50    0    0    0   50   50 
 -50   50    0    0   50   50 
   0   50    0    0   50   50 
  50   50    0    0   50   50 
 -50  -50   50    0   50   50 
   0  -50   50    0   50   50 
  50  -50   50    0   50   50 
 -50    0   50    0   50   50 
   0    0   50    0   50   50 
  50    0   50    0   50   50 
 -50   50   50    0   50   50 
   0   50   50    0   50   50 
  50   50   50    0   50   50 
 -50  -50  -50   50   50   50 
   0  -50  -50   50   50   50 
  50  -50  -50   50   50   50 
 -50    0  -50   50   50   50 
   0    0  -50   50   50   50 
  50    0  -50   50   50   50 
 -50   50  -50   50   50   50 
   0   50  -50   50   50   50 
  50   50  -50   50   50   50 
 -50  -50    0   50   50   50 
   0  -50    0   50   50   50 
  50  -50    0   50   50   50 
 -50    0    0   50   50   50 
   0    0    0   50   50   50 
  50    0    0   50   50   50 
 -50   50    0   50   50   50 
   0   50    0   50   50   50 
  50   50    0   50   50   50 
 -50  -50   50   50   50   50 
   0  -50   50   50   50   50 
  50  -50   50   50   50   50 
 -50    0   50   50   50   50 
   0    0   50   50   50   50 
  50    0   50   50   50   50 
 -50   50   50   50   50   50 
   0   50   50   50   50   50 
  50   50   50   50   50   50 
