4 81
 -25  -25  -50  -50 
   0  -25  -50  -50 
  25  -25  -50  -50 
 -25    0  -50  -50 
   0    0  -50  -50 
  25    0  -50  -50 
 -25   25  -50  -50 
   0   25  -50  -50 
  25   25  -50  -50 
 -25  -25    0  -50 
   0  -25    0  -50 
  25  -25    0  -50 
 -25    0    0  -50 
   0    0    0  -50 
  25    0    0  -50 
 -25   25    0  -50 
   0   25    0  -50 
  25   25    0  -50 
 -25  -25   50  -50 
   0  -25   50  -50 
  25  -25   50  -50 
 -25    0   50  -50 
   0    0   50  -50 
  25    0   50  -50 
 -25   25   50  -50 
   0   25   50  -50 
  25   25   50  -50 
 -25  -25  -50    0 
   0  -25  -50    0 
  25  -25  -50    0 
 -25    0  -50    0 
   0    0  -50    0 
  25    0  -50    0 
 -25   25  -50    0 
   0   25  -50    0 
  25   25  -50    0 
 -25  -25    0    0 
   0  -25    0    0 
  25  -25    0    0 
 -25    0    0    0 
   0    0    0    0 
  25    0    0    0 
 -25   25    0    0 
   0   25    0    0 
  25   25    0    0 
 -25  -25   50    0 
   0  -25   50    0 
  25  -25   50    0 
 -25    0   50    0 
   0    0   50    0 
  25    0   50    0 
 -25   25   50    0 
   0   25   50    0 
  25   25   50    0 
 -25  -25  -50   50 
   0  -25  -50   50 
  25  -25  -50   50 
 -25    0  -50   50 
   0    0  -50   50 
  25    0  -50   50 
 -25   25  -50   50 
   0   25  -50   50 
  25   25  -50   50 
 -25  -25    0   50 
   0  -25    0   50 
  25  -25    0   50 
 -25    0    0   50 
   0    0    0   50 
  25    0    0   50 
 -25   25    0   50 
   0   25    0   50 
  25   25    0   50 
 -25  -25   50   50 
   0  -25   50   50 
  25  -25   50   50 
 -25    0   50   50 
   0    0   50   50 
  25    0   50   50 
 -25   25   50   50 
   0   25   50   50 
  25   25   50   50 
