10 512
-8.250528  28.414351  28.947056  -22.260431  -20.641552  -23.655972  33.499699  29.162037  -26.777473  20.152264  
-13.087674  -29.244776  28.531864  1.223712  -17.642572  -29.978474  10.884624  -23.874582  29.987656  30.394098  
-29.912476  16.450739  -17.856684  21.637835  -26.373550  28.072887  -28.736387  -30.523342  -26.430317  5.712189  
26.232023  17.242741  24.208025  29.041113  23.456097  26.209288  -20.043627  4.131552  30.379368  -30.294384  
29.174519  26.290936  -26.386543  26.420618  30.329287  -27.889307  1.440385  -29.503519  -25.965733  13.266431  
26.815336  21.980131  -23.962013  26.248177  22.603453  -26.797499  24.757118  24.917711  -21.201101  -31.104151  
26.990334  30.932030  29.902292  -26.111679  10.720449  27.045002  -30.309986  -25.548256  -12.764328  15.942853  
-27.131104  7.627721  -23.845989  -24.196527  31.534019  21.284435  2.196042  26.895460  -29.873121  31.457081  
23.783720  31.103455  -16.321165  28.371029  27.756580  -22.705223  28.902239  12.486597  -24.326632  17.364750  
26.624371  29.318468  12.003039  22.658562  28.986195  18.075884  -27.618345  27.107302  -24.388067  -22.760424  
13.515237  -26.350586  25.129314  -30.786650  32.847569  -30.016973  -24.524342  -22.618462  25.237829  -11.466196  
-7.106867  17.136097  3.030111  -16.934315  -29.622986  26.248684  24.710110  -9.607081  34.604813  -28.588524  
15.662686  -27.542521  28.252190  -29.866125  -33.910301  27.976837  6.867967  -28.312788  -10.601373  -21.302893  
-10.193929  14.391588  24.278387  -28.975214  28.665323  30.877426  25.230631  22.649166  34.657333  12.617115  
27.801043  -6.528720  29.821329  -26.306427  31.756905  19.847202  -28.467939  -21.040308  26.433147  22.401430  
30.631275  24.535563  31.284803  9.835046  -9.955822  -21.007423  -28.907034  -6.312805  31.747091  -20.082104  
-23.180269  27.280735  -1.648219  18.616158  -28.962486  16.385414  27.848301  30.031059  -2.877421  30.454214  
28.448109  19.146063  30.305185  -21.223429  -28.729210  4.121464  -32.124985  16.542374  26.426540  25.656050  
-17.137257  29.191708  30.093775  15.418388  -26.740789  4.192141  30.161688  -20.539837  -27.132601  30.135859  
-25.917549  -22.641289  24.594221  13.821900  -22.764513  34.653595  25.676662  -2.283436  -28.713104  21.475290  
-34.803772  16.627371  24.532631  0.507513  -0.351332  -29.709391  -11.731549  26.970554  30.765701  -17.942686  
-21.305920  16.795202  -8.171767  4.816957  -32.731911  29.083702  -15.778113  27.838266  -35.286331  -2.821167  
25.230614  8.306693  30.379696  9.017179  -27.834126  24.510019  29.685558  -29.855885  -24.964121  22.693756  
-24.019381  -24.911600  29.932642  26.527115  24.229420  -25.979359  -24.631037  -26.388783  26.211708  9.389849  
-18.861231  -33.228931  29.733133  30.216154  29.167511  15.435679  25.305086  19.504105  -25.545568  17.099970  
-28.352892  21.202972  -28.220776  -25.223660  -27.102163  -27.997780  -15.985667  -31.684175  8.520580  32.364357  
27.376833  -20.802015  20.907457  30.482269  30.754896  -28.857952  12.509435  13.060081  -28.310965  18.305183  
25.157576  25.038042  -21.250418  28.748077  30.768257  26.917866  7.294786  -21.357422  -20.052004  29.755259  
-24.358604  29.996195  10.147661  15.117146  -25.059454  26.876207  29.655886  1.598995  -31.368891  -24.860382  
-23.087124  -30.624411  26.872061  -25.430162  -27.082129  20.720413  -28.692017  30.691967  -21.279165  -2.551623  
-24.353456  -31.981487  21.236629  -24.626516  28.659883  -25.651659  17.860260  22.199923  -20.723352  31.429373  
-25.257303  31.413050  2.180641  -21.803225  31.604710  26.447760  -3.937415  17.640810  6.967419  29.346401  
-26.361465  -29.989614  6.612124  23.398020  28.787786  26.224808  -32.942394  23.286501  -19.532110  24.959354  
-27.878630  29.734219  19.966755  30.198826  19.773518  -17.789425  -27.085190  31.225122  -28.529303  1.141312  
-30.901060  0.391270  -2.896986  30.007690  27.838476  26.702936  11.228483  25.069935  35.403259  -18.549868  
24.425106  30.878494  -14.288082  -28.314743  30.358965  16.484238  18.017254  -16.166327  -30.419704  -28.554745  
2.113087  19.104361  24.900944  -27.797613  2.455245  -30.316483  -31.873756  -29.685768  25.493534  -25.001156  
12.640694  27.439734  31.413740  28.351887  28.250576  -31.200777  -1.919832  -25.808199  -17.301651  27.257868  
24.302240  -31.663763  -8.108189  31.926470  26.079449  -17.886381  -5.920022  -31.881042  29.882542  9.564315  
26.885803  28.647747  -30.219711  25.136871  28.128950  21.675436  -28.413626  8.504551  15.025225  -19.844286  
-25.595650  -27.307159  25.095547  -7.531783  17.902473  -24.060442  -29.581953  21.509615  -19.275269  -29.422474  
-32.989773  -24.240007  26.426277  26.318930  -30.240437  -30.340971  9.496776  -0.216958  -30.049471  26.236687  
25.384636  -6.275255  -18.597488  -32.691147  29.291729  -27.610168  -21.210382  -30.417465  -17.904039  -27.208693  
-22.291912  13.350454  -28.847847  -27.335732  -24.619164  -25.186035  -31.240126  25.411316  27.413515  26.526279  
-11.963379  -31.066198  9.782462  33.931267  29.914045  33.128548  6.134001  26.757753  24.343744  12.870527  
-25.266705  28.371819  -17.242594  -0.061756  -23.222466  25.648582  -29.380426  -25.207943  30.648054  25.205875  
-28.429790  29.742310  -29.492258  24.673662  -5.577706  -30.121881  24.641495  -5.271527  -28.554474  -25.347298  
30.674225  23.665363  26.509443  -28.156471  -19.652834  -30.558514  3.050400  22.467127  -12.157305  25.608335  
28.007099  -23.921940  -28.883001  16.383432  30.184158  5.257059  -27.107363  -18.662508  30.094419  29.672953  
-4.148671  32.244709  -31.177191  -3.107982  30.788345  -19.094992  -17.701006  21.321257  -28.870909  -22.307236  
-27.787346  21.979095  -28.086067  27.094601  -22.926842  -26.618746  -25.764585  30.389841  9.124823  -20.803688  
-28.622871  14.273782  -18.527746  32.811272  28.237886  26.638952  -29.631285  -21.763582  29.762817  23.678711  
28.507240  -28.432800  24.060392  0.475232  33.547039  10.758526  -3.632491  -28.713354  -29.390940  -21.657669  
-8.461226  -20.445940  20.312346  1.126397  27.891205  -8.802555  29.181444  -33.473057  -24.317173  27.094810  
18.385647  -18.681868  -34.019363  -16.016193  32.892334  30.348473  -18.076117  -17.677099  29.281147  -6.462004  
-27.232441  29.584328  25.616709  -7.832103  22.537663  27.604885  -24.377760  -26.233315  23.746206  -26.995077  
23.928440  27.366444  31.684374  -26.476540  -2.046179  -28.640903  17.716154  -28.665686  20.821653  19.822582  
29.407177  -29.962450  -25.928570  -20.161171  -21.076260  -26.830011  -23.238630  -28.696051  -26.628510  11.198109  
23.762690  -3.135408  -10.013238  -25.964376  31.742970  -25.495323  23.754967  27.876976  23.058678  -27.804108  
-29.595732  -26.108103  -32.855850  -0.777961  26.280220  4.676180  -21.124659  -30.380817  9.198297  -31.738487  
-18.257301  -29.640936  -30.950096  3.669302  -26.327230  -27.560867  -28.221474  21.425386  -23.974077  -27.058352  
22.203074  27.736471  28.689638  -30.763041  18.591822  18.732649  28.202400  21.263161  -14.076660  -28.537773  
24.311007  -19.661934  -30.559019  27.831297  23.832487  23.034298  -19.796577  25.609159  -28.970860  21.383129  
-25.099157  -25.529819  5.853761  -6.068099  -7.706121  11.039868  -8.481035  21.795696  -28.756374  29.722593  
-30.324696  -26.820206  -2.094729  -20.414989  -28.300838  29.801680  25.661100  22.089428  12.858266  -23.677881  
-28.310026  24.394686  26.970953  -19.291451  18.713287  31.958241  20.112799  25.449312  6.026050  -31.284294  
29.731031  -7.458796  -2.055046  -9.766047  -24.399158  25.549126  -17.113363  23.141628  -33.150452  -28.483871  
-28.091705  28.946104  26.639599  26.441015  -5.776271  -31.776129  3.699637  3.309000  -27.088848  28.434065  
24.877413  24.131851  -28.485380  -23.670988  26.915024  -18.530895  22.305233  29.780357  -21.399794  23.557825  
27.733376  -23.716413  -21.622772  30.487514  -7.450827  14.006124  -27.437721  29.446697  18.505186  32.935650  
-24.420240  -22.155836  30.738674  -30.658985  -25.938389  -18.666609  -4.351988  19.271080  27.065073  -24.776644  
29.156111  -28.483194  26.807344  -32.169819  32.677620  -18.160120  -22.820723  19.154898  -25.966934  -15.867821  
-32.402512  28.791231  -19.376459  -33.458790  -4.591619  -2.483457  -26.426649  -11.451970  -3.489601  26.589520  
17.709406  28.119827  -9.284810  33.072849  -3.393136  -13.898425  33.350590  -30.098577  -25.904646  -23.073343  
24.880932  -25.761850  -28.084831  22.513605  -31.395102  -29.289019  26.686272  -6.293370  -24.953367  -14.749125  
16.803219  22.737221  28.072466  -30.104748  -33.386768  -29.029961  -21.493002  -17.387140  -1.687227  -26.739874  
-8.849285  -8.653768  32.022827  -22.359735  29.513790  24.547321  28.248760  -29.673279  -20.694735  -23.920599  
18.995764  -32.690716  -24.981482  31.671928  -22.609871  -27.155401  1.049363  -27.188822  24.030592  30.201191  
-20.475941  26.728388  20.333851  -5.874790  -25.067295  -29.538239  -22.953407  -26.601837  -31.151222  25.098551  
-11.856617  4.262431  -28.877539  26.230621  -30.327372  27.634954  10.315826  -32.939442  -24.725647  -27.897846  
-5.141058  -0.384487  27.112600  15.110576  -11.309449  32.180965  -30.647289  -27.716377  -34.215122  -25.215185  
-28.122921  -28.624094  -8.308435  -27.449034  -31.472042  -27.381563  -21.243340  -18.023628  -22.585512  27.566639  
28.504580  22.803720  21.843224  -27.465639  25.226137  -26.931309  -29.118799  8.342940  19.081705  30.757061  
-16.422394  27.782209  -29.507763  27.667814  -25.478991  15.812572  -31.803295  -8.327382  12.915374  -26.977285  
-13.047698  -24.075064  18.757490  30.889606  13.036374  31.280357  34.008266  -2.397495  27.773239  -4.738329  
-28.075832  31.486786  9.875986  -12.495639  28.213650  20.669672  -20.154669  -27.666166  -29.830408  28.754074  
-20.817934  25.465155  21.660789  30.018974  -33.024593  -26.851126  22.427879  -18.918964  27.513636  -13.117702  
32.712883  20.105747  11.499645  11.480800  -31.893333  -33.761261  26.434597  -16.045656  28.441851  16.275194  
25.468031  -27.301338  14.702893  -21.335854  -22.459711  -32.798584  -27.640146  22.849913  21.499794  12.194662  
27.247601  27.541500  -28.059675  21.635532  11.560982  -27.964947  9.155243  14.273994  28.268442  28.711775  
28.157682  24.629513  -25.688036  -20.681528  27.016497  27.786137  3.006814  -24.266685  26.347130  28.307236  
33.590897  26.544954  -13.754819  10.255233  -8.044541  30.658283  25.738869  -22.977711  8.164171  -24.753832  
31.092783  13.342126  -7.211920  -2.049561  30.282135  -30.253843  -23.966923  -21.516727  32.113659  6.814880  
23.287216  18.627256  -0.295165  -32.785515  1.387961  -33.989265  33.773190  -8.199713  17.003393  -17.363035  
25.101440  28.455503  -8.158275  30.860847  -29.289976  -25.225998  -23.423073  -9.182380  26.093452  -30.787434  
-24.068687  28.119608  -10.572042  23.238905  -30.614655  -23.620752  -22.369682  -24.210314  -24.525866  -28.179277  
-29.210775  9.336824  -27.031591  -29.950668  -22.957783  -28.333061  -14.290992  30.638340  -9.514547  -18.259357  
29.051676  29.304520  -27.803989  20.112759  -23.854359  26.400883  -22.467255  31.361710  24.536663  11.645331  
25.958706  28.463490  -24.367929  10.579311  -25.545280  -29.809126  20.846022  -29.060047  -27.663929  23.973812  
9.121296  30.801323  26.039162  -16.843090  15.986970  -27.447987  1.624425  32.649300  31.067707  28.746941  
27.518221  -30.770910  -21.445694  -25.869053  31.146349  29.838579  -24.894156  16.136885  -18.003977  -7.402350  
-27.305534  -21.246096  -26.871511  27.852213  -11.644767  -31.164965  -30.935816  -26.874981  -30.399879  16.253309  
-6.632153  8.097020  -31.116461  -29.224577  1.844677  33.240108  -17.944588  27.793501  22.504580  -2.187771  
28.788109  24.887934  -12.195354  -26.807501  -18.840614  12.666108  29.015575  30.759928  -26.548164  26.759972  
7.593760  -23.918388  31.474106  -21.832027  23.403120  -29.994598  21.056564  25.481445  28.109774  24.279013  
22.547098  -30.332420  30.663147  22.894178  15.532843  24.273546  -29.101322  12.098467  26.230379  28.198549  
-29.239477  -21.581753  27.146959  30.019226  -6.244174  29.899210  28.713047  -26.166416  -8.515326  -29.176779  
28.122040  -21.038881  23.960810  -16.589050  28.675232  27.318020  26.743977  5.758596  22.055302  23.182400  
-18.961840  -10.698790  -28.763069  28.437471  -35.400574  24.652515  22.043573  14.510972  -23.194159  -30.208973  
-31.020939  22.423620  -30.354576  27.677849  21.787552  24.156179  25.448776  6.797812  23.857073  -10.583152  
28.035105  -8.365502  23.218433  28.703245  29.323349  31.770390  4.667182  -30.053162  19.615248  22.585283  
20.907743  32.282700  20.469995  -2.092622  32.593643  -28.172235  17.193794  -13.688399  23.971102  -29.084644  
-27.821463  -23.167927  -20.422800  -32.688595  20.012943  -5.708320  25.155785  -25.669615  -31.714989  10.813772  
21.059443  22.325644  8.813952  -31.869465  -25.340435  -22.912552  25.651350  -30.096390  -12.251925  27.824656  
33.124298  24.970509  -22.883692  -24.787495  20.120363  27.808098  -24.764261  29.295557  -20.974461  18.732210  
27.873919  13.170330  26.616785  30.360901  23.720774  -28.773775  -32.039742  14.245504  10.406815  23.114937  
-29.642006  21.243027  28.496279  -29.954308  16.027828  28.209349  24.253197  -15.291070  -24.008448  21.691130  
-30.420097  21.261686  23.687590  -29.134315  26.098228  -23.065153  24.013599  11.358426  27.619350  19.153673  
-28.520651  -20.618023  23.632936  20.879873  -28.919048  -27.908325  -29.355772  -29.885509  0.446875  -13.041409  
-23.555792  -30.753073  26.267303  6.488521  22.797260  -26.167721  16.045740  -24.451176  -29.071766  -21.936409  
-2.366049  24.333763  -21.207254  26.385887  32.747791  25.520645  -30.213165  15.314766  -24.096134  30.081877  
27.522026  -25.469622  24.750177  -31.094889  -12.456142  -5.652915  -26.168478  -29.880280  -23.040524  -25.145845  
31.086567  0.399763  -27.909199  -27.119717  12.772094  25.539625  30.645590  19.174603  -7.188969  -17.428612  
-25.660950  -27.140112  -10.629828  -27.045063  -27.010494  -28.772854  -19.600899  -28.375753  -25.870188  -30.110542  
-21.292349  -21.289106  -21.501253  21.520546  15.719978  15.368153  31.115133  23.528603  -29.798271  -28.217384  
-26.340864  -30.756704  25.837341  22.221676  -17.646425  17.593237  -22.739998  -27.202002  -27.505981  23.860538  
11.569932  28.003872  -25.262947  31.434067  -22.080194  7.423393  30.620216  -12.076071  28.589949  30.061836  
-30.388857  24.292381  26.421072  30.324377  20.356447  9.037641  -28.085680  17.950548  25.793188  28.759373  
-23.263527  18.627926  -30.141863  7.740365  22.029932  28.499783  30.285429  -26.274853  -20.482277  23.133362  
32.813244  -20.900084  -24.991117  16.317175  25.896717  -30.170595  -20.606852  -4.947311  -27.353762  -17.023895  
28.343552  -27.288149  -24.964575  32.622482  15.900583  28.223110  -4.864933  -12.131302  -28.233732  -30.439581  
-24.307573  -30.622923  -27.477850  -28.684631  30.428198  -28.051462  -9.877420  19.513367  21.287836  -22.723270  
29.043144  22.876682  -27.117975  30.219616  -26.863281  -17.694811  -23.721672  -30.955458  -23.429083  -10.684244  
11.060363  -26.773920  -22.583313  27.121037  25.142149  23.520163  -35.005611  -30.745600  -23.574781  8.635379  
11.357567  30.427563  20.701384  24.337975  26.384836  26.677534  -7.507456  -30.599634  -28.048975  -28.365108  
23.339508  20.602566  -33.920498  -10.787850  -27.863245  -21.197025  24.051607  -29.691181  28.696939  -16.355665  
27.156740  16.964241  5.571268  -27.733831  -30.067137  21.884510  -21.251928  -30.481337  30.485355  24.729668  
-26.687622  23.605410  -20.949074  24.506336  22.576454  -28.776810  28.682386  8.076501  30.059227  -23.765211  
19.499861  19.529318  31.583889  25.157722  -26.286268  -34.550621  -23.867632  26.800932  -6.820005  12.327001  
-17.908678  -15.761912  23.849796  25.471844  -27.772625  -23.331366  23.346025  -20.287111  -19.387089  -21.679003  
-29.713295  -7.165277  25.469320  -32.656456  -31.675169  -20.736795  22.852297  -27.023853  28.455851  -4.415093  
-31.419279  28.685366  -25.388046  29.722818  15.015548  25.824671  0.442656  25.495337  -24.566687  -24.969934  
27.788668  23.789171  -15.574149  -23.203178  -29.012049  32.678471  25.480368  11.069133  22.169937  17.818844  
27.556049  -14.146981  27.893488  -0.205255  -29.667313  27.449438  -27.657949  -30.545671  -24.696152  24.537466  
22.982018  33.590633  21.231791  19.734377  17.219254  7.570241  20.145592  33.318871  27.775024  -16.882725  
15.009192  29.450502  4.686261  -3.324030  -34.471027  -33.349808  25.874115  5.478483  -20.379084  -5.739206  
13.428425  -26.141970  20.602623  14.879295  -27.248064  -28.260799  -31.781689  -25.459976  -25.936277  -28.731651  
-21.017727  25.616560  32.629795  29.306215  -23.032677  27.910164  -23.108871  19.208513  -30.069599  -23.484737  
-23.726578  -29.088511  16.016588  12.965228  -26.729847  -29.126991  25.498001  25.654112  -29.098560  -28.284170  
-27.480677  5.697550  -30.919975  32.190777  11.537769  -30.228153  26.874218  32.551582  16.837023  12.355412  
-25.134735  28.210272  -28.118145  -27.915285  -31.248295  -29.046194  24.636982  -18.550402  11.327372  -20.042549  
-27.592712  -26.467159  -30.820688  -12.226371  25.467739  28.521854  3.692282  15.284110  14.373300  31.233538  
7.177904  11.423222  -25.810898  -26.818068  35.479370  -25.740366  -30.163752  15.037313  -12.527069  25.534302  
-2.638413  30.585152  25.912683  -18.014620  33.231594  -16.783199  -17.315958  28.074158  -25.544659  29.678978  
26.285452  26.749672  -33.995316  26.974787  -8.064065  21.458660  32.709496  -30.895699  0.037257  2.178612  
28.732716  -23.296423  -18.691906  -31.023714  -23.567375  27.788317  -26.552231  19.305607  27.235626  19.013712  
-28.392611  -29.439262  28.464724  -19.999983  29.721647  21.496183  3.553029  -24.798029  23.571009  -25.178368  
-25.590965  19.625475  32.139542  12.308794  -33.614574  -24.932693  -12.018950  14.945961  -28.347635  -11.778281  
-23.936697  -30.939325  8.649321  -24.380640  -21.523420  24.172867  -21.442892  -28.130402  -26.865345  -18.526720  
23.959433  -15.302689  -28.791048  12.541603  28.438076  -25.868076  31.533470  -28.832186  -25.802338  -18.020861  
29.430056  -13.753139  -30.351770  -19.868355  28.745502  16.640471  -14.774107  26.327574  16.127264  31.980478  
-29.641502  -17.705847  24.447769  -24.623304  -16.330515  26.228224  29.003815  -31.477066  14.041460  -27.526264  
-15.739707  28.716131  2.340807  26.645828  13.053572  -23.754354  17.074375  -34.384674  27.854647  -31.704470  
-27.404348  -28.118250  -33.941959  -30.466818  -11.816746  25.685192  -18.100304  -30.087223  22.637438  13.770916  
30.122972  -29.118546  24.532595  7.057877  30.036701  29.099798  -7.071823  24.592756  11.401652  -26.073618  
-28.692404  -27.009842  11.905396  -28.387501  21.222261  25.882669  31.801846  -29.021738  22.581629  22.886696  
-23.964380  -30.042795  11.303555  -25.320282  27.864023  32.828209  28.997120  16.339516  -28.981457  20.930676  
18.626646  -29.582371  -27.551277  -27.697216  12.197803  18.428934  24.812458  -26.544010  28.405891  -19.468340  
-26.839275  29.005001  -26.756369  -24.117373  25.626078  -5.748903  -33.437027  31.553396  16.725538  -7.001272  
-28.237995  29.670803  6.692709  17.942415  -30.868332  29.001917  -14.060006  23.688519  26.160295  -24.409889  
-17.979515  30.931259  25.636486  -31.712921  -25.322096  30.303371  19.788139  -14.276178  -5.861047  -31.922964  
29.199034  -28.819431  -12.205784  -31.307295  -6.876378  -7.332343  25.940901  31.060841  -32.258877  -20.013409  
6.463464  -32.547859  28.319059  28.421572  -20.190582  33.658432  -17.270596  16.164312  -22.368608  -26.789709  
-27.753912  25.124001  -24.065769  31.459173  -25.951307  -0.960714  22.520782  -28.286674  -23.691193  25.823711  
-32.022495  32.072910  -24.703007  -29.224352  -27.904415  28.083996  -5.967274  27.038555  18.721811  3.493615  
-24.128891  -22.292822  -12.250476  -23.735218  -31.929567  -25.620970  28.912012  27.308689  9.154576  -27.708202  
-2.529298  -27.601696  -29.463570  -36.215473  16.249651  -17.557255  -29.444719  -11.908958  -6.184426  23.358080  
22.185682  28.216541  24.036819  19.887381  -31.464809  -26.278393  -26.571669  -31.595316  7.374464  20.975615  
-19.376390  -12.690674  28.849831  -25.717209  -15.535289  35.125530  -7.713222  23.484344  28.977058  23.431211  
33.227535  -27.833324  24.351425  25.713518  -28.399006  -17.730026  -1.729472  27.119209  -21.333033  -21.328016  
-26.771830  -28.014515  32.189442  -25.928280  20.033003  13.710388  -26.982601  -3.500313  -1.506497  32.057953  
-15.927268  -14.658901  -31.679316  -22.644035  -30.882013  25.508205  -3.187066  10.148254  12.417383  34.725166  
-22.061447  28.227926  -18.534262  -30.699667  15.779271  -29.329414  28.158079  29.011202  19.597822  -26.136396  
-12.276376  15.892327  -13.182528  33.299500  10.344028  -27.171360  -28.183661  -29.153164  2.250963  23.829035  
31.585875  -12.671778  27.297150  26.335220  -31.710556  25.913471  -8.017223  -21.332951  -17.157022  -30.292700  
29.741533  29.534622  26.601515  -25.145164  -24.681961  15.980844  9.520965  -27.243650  -19.263262  -22.375216  
25.433943  -24.467484  -28.143906  25.495886  -14.842226  27.493128  24.425079  -18.644470  22.826246  -24.302608  
-11.835747  30.136255  19.106735  30.824072  24.703981  27.172768  30.038048  29.186287  14.920562  -25.028795  
-24.752653  12.587847  -24.860634  -29.029341  -27.967066  25.020454  29.418030  27.942430  -30.215551  -5.299477  
30.899067  10.949029  30.686211  1.537882  -29.977716  -26.814390  27.016579  -25.541710  -11.079510  -30.835358  
-23.126663  25.899948  -17.426580  -17.390171  -30.503218  26.251877  27.270002  -22.473648  18.283787  30.123409  
26.261578  28.262335  -11.489004  25.436064  -26.994009  -12.419476  -31.502707  29.040253  -27.648924  -25.962418  
-23.910925  -25.429150  32.867672  -24.749254  -7.415473  -30.704737  -21.911823  -22.141689  -15.827194  16.446846  
32.822388  -26.108095  23.612616  -26.657368  8.439564  24.641146  -6.179613  33.014786  10.439384  29.579102  
28.725666  -33.654274  22.856649  22.741859  25.022173  -5.115507  19.444532  -21.232260  26.221478  -29.678156  
11.633716  -25.277298  28.206738  19.001387  -18.242786  -17.984953  26.639774  29.904631  -25.861620  30.963205  
26.100559  -31.884655  -24.972794  20.931379  4.227546  -17.869324  30.058016  32.515915  -28.206936  12.626034  
-32.133125  -16.602737  20.367025  -31.185806  -19.106474  22.728912  -8.192968  -31.767912  11.123755  24.181980  
-28.589380  29.538591  22.653214  -0.282040  -20.724344  -27.879545  21.328064  -28.110569  25.765228  29.024187  
30.860882  -36.364681  32.781525  3.949558  11.079511  5.537791  -25.393511  -25.208115  22.980810  3.930116  
-27.158617  -31.621920  -30.083405  5.409239  28.529272  29.010754  10.388368  -1.306479  -30.552919  23.308531  
30.734177  -11.201901  26.037382  -29.200989  19.392895  28.737637  21.011969  -10.357248  21.548880  -32.679043  
-30.674662  27.818089  -29.203140  -19.854593  17.044485  20.876467  -25.747786  -28.878233  24.511505  -23.141962  
15.673603  23.288090  -27.818857  -32.513565  12.726074  -23.733049  6.036387  -27.862049  31.193783  28.119864  
-25.304333  -10.877955  -31.227898  -16.382595  -28.835913  25.393698  -28.896641  30.803068  10.476258  -26.465452  
23.626778  23.357811  -21.206614  -29.721647  -28.852413  -21.211292  23.961103  28.441339  28.036560  14.108786  
-30.235542  -16.326653  27.562990  18.357885  -28.368156  25.471575  31.773487  3.734513  26.049023  27.969463  
16.980251  9.390479  -26.069489  7.320188  -28.113647  -23.642582  -30.748701  -23.248289  30.193817  29.133545  
-15.223531  29.817465  25.503374  26.672890  -30.908064  19.442265  -24.689878  -2.461775  -11.962740  30.012175  
26.024065  -28.097883  28.531002  -26.941986  -9.108933  -23.738096  26.942194  -32.118740  -21.525244  0.961816  
-21.030514  -29.363424  -29.957251  -3.642823  25.494364  -27.320837  29.038359  20.022373  -21.875433  -12.396379  
-2.554545  -19.473997  -29.914202  -25.034857  28.580915  22.604307  34.856983  9.326077  32.951740  22.441561  
24.712944  -26.632645  -28.892635  -31.333563  -14.416006  4.310412  -0.897436  25.962732  24.652559  -30.673096  
6.788627  -21.653187  -6.069960  12.866386  -27.860754  -26.680700  30.156889  30.329958  30.810295  29.371235  
21.382395  -22.684311  23.297520  33.335854  -27.297352  -17.233984  -31.350203  13.568316  -24.140413  28.863089  
31.643314  27.707121  -29.477461  -9.803405  -3.628554  -7.854528  -23.128674  -24.773476  2.337460  -32.242786  
-28.357882  -29.080982  27.726603  -32.353439  -22.851774  17.860350  26.096420  12.912831  -27.845894  -11.446677  
-17.905165  -28.183750  19.077509  18.199484  -28.807766  -32.092926  -22.621668  26.957857  23.457119  -25.195761  
29.155462  -25.485563  -30.272305  -16.998955  15.935428  -27.434748  16.272764  32.845551  25.275352  20.979900  
32.467125  2.939564  -31.076166  27.574575  30.052773  16.918018  29.306002  23.624807  19.740393  19.112986  
-8.465060  31.190577  -19.820602  25.919401  25.398651  -25.740845  -29.263819  26.071243  16.005625  20.981049  
26.799908  31.759245  13.203218  30.501919  -30.048819  27.405413  -20.117563  -24.532503  -17.605293  -1.400979  
25.599031  -25.007303  -23.524038  -23.979019  11.082253  26.192183  -31.115137  -30.058470  2.727974  -27.772297  
-24.374161  -27.365503  19.043154  30.259495  26.966307  24.007391  -26.921694  -27.449593  -0.693423  -26.959122  
-16.835014  26.655935  -29.384642  -20.400610  16.875422  -9.288965  24.921650  28.477253  27.882397  31.178291  
-27.775560  11.304965  -30.917141  -23.896084  -27.252436  -5.768191  24.565573  25.989275  30.708174  -27.192362  
-21.059984  29.560249  11.736514  6.236456  -22.555840  -11.700287  29.706589  -32.870235  -30.064922  -32.728569  
29.824356  27.638718  -26.119389  -25.752388  -7.091943  29.872379  -25.563438  -20.491268  -15.487212  28.308151  
25.054296  -31.876778  -9.431026  20.878891  11.869048  -26.002031  -29.155945  -26.587269  21.408344  -27.389734  
13.360140  -28.607838  17.558054  29.380537  -31.186047  26.913769  -29.970146  -22.124077  15.529097  28.936937  
-26.935667  -27.751474  -25.886803  24.869987  29.632679  4.262222  26.330482  27.695890  20.406704  26.952892  
27.773643  27.070660  29.386000  -15.045194  29.023048  -14.664932  -26.053480  -28.607267  -29.265291  19.901291  
25.224318  30.863043  -7.171692  -26.044735  25.731773  7.060417  24.963589  -31.946568  -24.867212  23.922573  
-24.416780  -3.127780  26.428778  -31.601528  -28.607794  -32.702267  -30.195272  19.899616  -32.712517  -13.622476  
23.834667  -20.505260  18.961716  -27.534723  19.927999  -27.138330  31.404387  10.160913  -26.514894  28.471298  
-32.579205  -29.109819  -23.370672  0.175204  4.152793  26.609514  -30.408527  20.083223  30.345333  -30.777744  
-25.165133  26.590651  15.164800  34.035385  24.890318  27.121458  -30.423645  6.241826  -13.916649  -20.982605  
24.287477  -4.930229  -29.895758  31.450027  -18.431036  -30.184004  -14.347340  -25.172152  25.120384  -5.390819  
34.449562  -26.830839  -22.914642  26.217722  16.639507  1.244331  33.186203  -28.394007  -10.429307  18.779203  
27.026775  24.603586  -27.057831  -28.173298  -25.732758  21.497812  -24.456360  25.356434  -5.640959  -28.189854  
28.458910  26.698551  10.737266  -30.727051  -14.385382  -3.846819  20.652956  -28.468721  32.331146  -34.411369  
29.262314  -32.190617  26.086044  28.936239  -25.675840  -22.062592  -5.182319  -31.989595  9.402879  6.248139  
28.646204  -26.018677  21.673767  30.117731  -24.644100  -25.889296  30.692308  -22.026123  -28.589268  4.404716  
-22.393431  -21.427132  -31.853867  16.146013  -24.506269  27.188745  30.711731  -34.057224  27.288538  14.982982  
20.574594  -15.383286  20.906435  -28.355043  32.379101  -12.020234  28.393415  -29.822983  31.416735  17.007446  
-25.502262  -9.228008  -3.837359  12.872238  -26.151907  -25.499598  -32.324112  29.786247  -25.967714  28.234489  
-23.084305  -13.282383  19.637316  -28.958052  32.728695  24.140638  -25.476992  -10.069501  -29.599485  -28.257629  
-25.001698  -25.255516  -32.657532  24.237925  -20.142313  -31.082474  16.980850  -25.324553  -24.850039  -22.198929  
-30.783539  21.704845  22.750927  -26.120293  28.412706  -29.031534  25.596516  -13.815741  -21.302029  28.485952  
-11.812229  -23.016167  23.444263  31.846100  -23.763472  -24.157795  30.420347  27.766439  22.159620  -26.217464  
-30.269299  23.074360  -17.584850  -24.882748  -28.447580  -9.149231  -28.034163  -20.211983  28.957960  -28.144926  
-28.273239  31.753962  -31.849707  -24.950897  29.024555  -30.823227  24.291180  -20.824249  -22.976759  9.613055  
-19.141724  -18.903481  33.267681  -29.076090  22.744261  -21.670807  20.176722  21.742088  -27.476349  -20.208090  
-21.814678  26.229355  -22.394960  -23.985876  -22.850430  -11.157884  25.720003  -11.150975  -29.975357  20.922470  
-24.818188  -27.971861  -24.304016  33.115723  -7.687469  18.482296  25.003521  -28.380758  -27.353703  10.670769  
34.711102  18.940998  -8.904346  -29.782681  17.538698  28.884752  -30.254866  -7.674024  26.520487  -22.265539  
20.902689  8.025566  18.674671  -14.390745  34.189243  25.087580  -26.964514  -30.336157  29.974638  -32.069538  
27.297630  32.444088  23.818474  13.905664  13.886219  33.197960  19.602440  -5.438952  -29.282585  4.220894  
-31.047628  -5.967454  -15.532126  31.632353  18.968309  -20.643166  25.451929  -29.252943  25.353363  31.446577  
-29.480902  26.957392  2.875650  -30.756542  28.904150  -30.677294  -7.803256  -3.807869  24.872663  -29.877567  
-22.565489  30.024027  22.170925  27.085526  -26.759377  -20.698097  24.962259  30.733471  -6.988181  -26.746565  
-26.527519  -32.189098  12.014070  6.617297  18.855453  -31.615606  22.567261  5.846895  30.375355  -26.095812  
-27.512320  28.680782  14.500208  21.156994  32.140953  -3.669570  5.279128  -24.266092  29.650183  23.805666  
8.043905  -12.737823  4.512187  15.255741  33.115318  28.959831  31.735544  9.968329  -23.206686  30.895378  
26.174623  26.838005  -26.408766  2.086205  -19.624910  30.056616  -26.491264  -15.869252  -27.731758  -28.084812  
33.798901  9.602103  5.424158  28.581442  -28.910339  31.374783  -21.994387  4.254702  31.387598  -16.908768  
-22.995621  -29.013706  -3.134014  34.395058  18.291862  -14.794615  -25.759489  29.110916  32.434479  6.428141  
22.396238  28.856667  24.694206  29.728733  17.439247  -24.605965  2.835178  32.425121  -29.118446  32.634369  
21.048349  28.621387  29.156994  26.189903  -29.382019  23.461313  28.266794  -0.439052  23.495407  -24.725916  
-27.643070  -24.467356  -24.125101  12.355736  -31.026474  -11.452502  29.360916  26.205215  -27.469412  28.773991  
17.492985  2.943702  27.385895  17.119638  35.015461  -8.329785  -29.867542  -22.840242  6.396861  -29.727692  
14.143679  -29.546240  25.005054  -32.755421  4.263321  12.211868  -25.658663  22.994242  29.143982  -22.893181  
24.109888  -27.497812  -27.954905  32.443611  -3.344005  -31.847933  -11.106377  29.914062  -13.352994  27.370584  
29.769308  -27.634550  10.123406  -0.666036  27.717897  -22.755526  -21.831999  29.521137  -19.971655  31.803200  
-27.502804  34.955513  22.627068  -26.192478  -30.501144  25.425434  -17.472500  33.547077  -21.327307  9.094096  
-30.031528  24.495207  29.067213  27.323195  27.462391  -4.872978  30.398762  -25.902514  -27.583355  10.717492  
-2.095082  11.889703  -10.809792  30.213783  1.781955  -29.186869  -11.892235  25.833742  -32.324806  -32.079998  
-29.235382  30.834251  30.403370  -11.315332  -24.759306  31.109966  31.431036  28.520866  11.053640  3.461449  
-30.244762  -27.393930  28.511477  29.816730  -27.471121  -7.608500  26.504629  -28.544924  9.468965  17.659010  
31.055311  25.810459  -26.201794  -27.467518  -26.213955  -27.562859  -29.694899  21.291172  6.601510  21.115910  
-24.484440  14.377709  27.141979  -24.846848  29.676838  19.359415  -26.188015  -28.933739  27.068943  28.852873  
-1.777584  28.690315  -30.685251  -25.811670  -26.726999  22.073185  30.474836  -26.577009  -1.388977  -24.970066  
-23.217674  -9.603335  25.585693  32.880417  17.636166  -26.905874  29.450474  17.441338  -29.926682  -2.519353  
-18.993116  -17.049662  -29.117178  26.266535  27.745338  -24.618834  -32.491642  21.682329  -15.290477  25.305677  
21.594990  18.116844  -22.970961  26.803097  -28.312132  -25.754536  28.784237  23.493803  -23.988674  24.755627  
26.273111  20.164145  -30.960867  10.705051  -32.859798  -8.560682  27.298222  26.350872  -22.881374  -29.441200  
-22.493010  23.351444  28.667454  -25.100960  -27.100527  26.709175  -27.322639  -25.643158  -23.143845  20.998848  
33.212540  -22.807255  -8.209283  -23.595226  -29.341192  24.369164  27.328712  -26.528467  13.444833  -27.852577  
0.897182  -18.460764  13.430999  25.243839  -22.347672  26.362997  1.497149  -28.266176  35.687267  17.992989  
10.311977  32.574795  -0.212680  -30.948067  -28.844055  -13.601215  1.557753  25.845419  -26.258997  -30.565941  
-31.612873  -9.108874  -26.461384  -20.205444  -30.433044  25.255568  26.380428  -26.816496  -26.852779  9.175333  
-23.040833  -31.964855  -25.077463  -28.732893  -24.889439  26.744467  -26.337885  25.007233  -24.697218  22.533663  
30.737677  14.543345  -26.202257  -15.591269  -22.377333  28.348845  29.444912  -24.730145  -28.503851  18.424576  
-26.413193  28.465033  23.083967  30.347820  12.164445  -25.689840  -32.023987  -12.430599  19.589396  -26.604269  
24.747435  -25.146259  -8.288306  -26.737041  -12.364920  -30.125212  -30.506683  13.233122  -27.001324  -25.677553  
-23.593397  2.490179  30.440943  -25.393753  16.548756  -32.422806  -30.887869  30.479034  -17.930670  22.131184  
-22.438736  8.358352  16.260340  -32.475449  -32.186527  7.956705  22.723034  18.579256  28.241919  32.100170  
19.554148  -27.834885  -22.022249  21.876564  23.675402  27.664116  -25.391336  26.641520  21.600826  -25.006041  
-25.975653  20.819170  25.681568  -14.112076  30.400187  -26.938988  -31.833731  -24.777851  -23.332275  -6.757283  
-22.558081  -30.685102  -29.712374  23.001144  14.667596  17.613012  25.100410  24.326008  24.480333  -29.273287  
-26.562567  28.114670  -24.706234  30.221634  -28.659506  -30.630051  -5.832726  5.143960  -9.164999  28.023228  
-5.923516  -11.563029  -24.251698  -33.599762  11.713305  -26.949112  -18.838186  30.039885  -29.089350  -27.182583  
-28.901306  -31.126938  17.398819  -26.592638  30.544956  3.800116  29.343433  25.095493  9.057474  -27.154503  
25.736546  -13.424304  30.470133  20.869114  18.423546  24.845211  -29.066833  23.181301  -30.541372  25.994198  
27.423670  -27.840143  13.429342  31.628370  27.305670  -15.566775  21.208973  30.164932  26.405418  22.738131  
27.583424  17.739641  -28.972815  27.014660  22.040768  28.733265  5.443688  24.076410  -30.501183  -22.660669  
29.299047  21.763460  -25.778793  -30.054329  18.825420  -28.253668  -18.830385  25.444197  27.765272  -11.697937  
-16.964239  -30.562384  30.909069  11.853930  25.537861  9.847809  -1.116659  28.196758  35.026066  -25.823643  
-27.128920  -31.256323  21.659021  24.397120  -25.733042  20.490381  -23.214678  29.172058  10.333962  9.034096  
14.474123  -23.810432  -24.891966  18.942736  -28.131004  -9.560011  21.164343  -31.593370  -23.664772  30.311522  
-30.458584  -13.034205  0.747105  6.969122  32.300362  -27.568441  19.547087  26.822100  -33.261684  -30.514378  
-32.572960  -16.802517  -21.750109  -26.299847  10.077271  -26.800924  27.696951  -11.072599  26.649021  33.732758  
25.869362  -14.049567  -31.227896  -16.428043  25.684437  26.808477  22.170685  -32.006725  -27.951071  -26.857271  
25.632647  31.340467  -10.101071  -27.868580  28.392941  -30.367975  -24.844458  18.878220  -28.495523  -23.132236  
1.986802  -28.611712  -26.413385  -26.797050  -25.955442  -30.128197  -26.639410  -14.373254  28.916788  19.168682  
-19.165081  11.260596  31.176182  9.450422  31.285467  -20.239744  21.123598  21.685785  29.227621  -31.673935  
0.587843  22.940138  28.678320  25.398922  -18.522312  12.439598  -29.282730  33.175476  21.039089  -26.045649  
-25.681229  -5.916020  24.594976  -27.655167  -19.081779  17.430195  -26.535902  21.330406  -29.509890  -34.709892  
-24.813129  19.791067  26.324507  -33.118763  -18.493454  -25.687447  26.396252  -1.613418  -28.247681  -27.283630  
-25.763205  -18.964548  -24.838812  -18.957668  30.600906  -24.606560  10.967690  -30.789375  28.121155  5.437460  
-28.941336  30.519905  -28.119589  -23.024672  28.105591  29.297325  -1.960685  17.279530  -29.578667  -17.794458  
-14.513925  24.624935  -23.667196  27.040792  3.144825  28.194065  17.492538  28.565624  30.727345  29.069174  
-23.433559  -5.516361  30.931314  25.211166  7.632286  28.322212  0.928505  33.286747  -0.994150  33.493996  
23.183256  27.546146  3.295649  20.680958  32.848858  14.191882  -20.808727  18.313766  28.677576  34.206108  
7.304214  -26.545599  21.813995  -29.120394  -32.868858  -30.856737  24.989367  -3.438031  -10.098872  30.483994  
-1.543379  -9.049648  29.524065  29.556068  30.132706  31.693953  8.643419  16.408585  -29.715712  -27.209595  
-1.318370  -28.632818  -5.848276  -19.451675  27.203268  29.918613  -27.557243  -29.160196  11.098360  30.477375  
30.259293  31.887877  28.997480  -26.240725  29.429012  -0.215187  31.697910  18.112293  7.368057  26.644302  
-28.542744  32.168686  28.398161  -25.519390  21.313173  24.417574  -23.385223  23.575758  -24.957533  -11.581442  
-29.584984  -22.043736  -19.973017  -13.154330  27.776617  28.880579  24.541265  -26.868013  -23.242449  -26.350306  
27.122181  26.698082  -16.079922  -30.070417  -15.069088  -32.086346  -6.156638  -21.599962  -29.905394  -22.629557  
23.463209  -25.001377  -24.783054  -28.923738  -32.481968  -22.494843  22.910870  -24.435270  23.247295  18.574396  
-16.888866  29.557543  25.438974  16.747263  23.634312  30.699593  31.858620  -22.419878  20.923744  27.286860  
23.698317  -28.092585  17.806080  -27.186083  4.859796  30.562733  -21.827574  -19.261030  -30.630808  22.816006  
8.570764  -26.789154  17.791445  -28.964176  -29.611862  30.816334  25.552217  8.495584  -19.825544  30.543760  
10.111639  -19.598457  23.963257  -30.313669  26.156183  -25.989300  27.614353  -24.404526  20.948635  -30.697847  
23.499454  28.296463  28.447521  -23.573496  8.948705  -27.488176  -21.296618  33.204815  -1.533401  -32.551239  
-28.905920  -28.724876  -11.068836  23.758741  -27.164768  2.238347  25.200848  -21.659460  31.813583  -25.553432  
24.451195  23.192873  17.820963  28.785830  -26.175900  -20.575638  -19.249416  24.187832  33.765800  27.542351  
31.044796  18.402918  30.415819  22.584785  5.366678  1.192327  27.368513  27.835930  -29.189474  -26.132465  
-25.984489  -25.897291  -24.572817  -27.869888  35.358978  0.409840  -29.416412  23.666075  -25.127134  0.175234  
-11.632380  1.468935  -12.562681  -4.036163  -17.348457  3.709737  12.364988  -29.359982  13.158352  3.583840  
-31.037598  -23.666887  7.681589  -15.789920  -18.904598  -27.841438  25.454210  28.760548  18.029247  16.851074  
26.357662  -25.009775  -29.791250  14.314116  -28.555151  0.319603  -28.451876  23.641190  29.803474  -19.127604  
20.317736  11.170012  26.932655  -15.372322  20.496868  -30.759846  12.953140  30.441490  -35.144604  -22.444994  
4.470020  -14.852816  -28.201660  30.268980  33.456806  26.419891  16.373205  -28.011635  10.045803  -28.102468  
-29.568325  -19.445253  -23.598480  32.237045  -11.473091  -27.800039  -18.787716  -6.833638  25.951796  -29.994253  
2.175416  18.538134  -15.958865  -26.025406  -28.610727  -23.338968  -29.128931  28.077280  29.938484  -31.821379  
13.321897  -23.288567  25.899305  27.282066  -29.057159  7.306644  -16.628313  19.552446  28.743105  -33.372395  
25.663147  -24.316936  30.338200  0.198456  26.764936  -28.802996  -24.417147  26.743793  26.973076  -22.167675  
-24.675283  -29.163818  4.554856  29.763702  -23.107208  -4.606274  -25.717699  30.389217  -26.685402  -24.885359  
17.466875  22.449562  -30.188108  28.243744  30.856178  -26.148636  -4.465913  -22.124397  24.865055  -26.878393  
13.763696  19.437191  -4.767939  -30.196630  26.213408  27.918175  -29.278442  26.010557  -18.770628  -34.011822  
-29.065424  24.655348  -31.381573  -26.498888  23.706768  1.163733  32.557743  29.334454  -25.294851  0.571252  
2.821732  -29.741623  -25.697899  4.740164  -2.629756  -24.113411  -33.509792  -23.366123  -22.589396  32.119278  
27.928167  -28.453217  -27.783646  28.721386  30.288094  -7.694778  26.734276  20.536390  12.432297  -27.357151  
29.255533  -28.615919  -30.009079  -26.702307  -26.329327  3.907118  14.859112  -0.607094  -32.211464  21.356220  
-18.793222  -3.798059  -26.758448  28.500853  34.239231  -22.307819  -26.285475  27.232656  9.680526  -31.123280  
-22.048409  19.472820  -27.342068  -3.084518  31.052856  28.628109  -18.369673  -6.574208  26.069016  2.390783  
30.838614  -31.065832  -23.328526  -27.681437  28.729666  5.293194  22.912565  -24.776793  -3.040089  23.239820  
24.948847  -29.624977  -18.823366  22.120489  -19.881227  -27.936697  23.355516  13.080451  31.027403  -27.728983  
-27.207590  -31.597433  -12.881650  -6.010530  9.100506  -29.575729  -26.902830  23.663296  30.666758  31.928682  
-21.830980  -31.940022  -27.536440  25.065334  22.005463  27.432138  -18.701872  -23.727381  25.942179  11.190812  
-2.231342  -18.594671  0.143037  -13.649037  -17.063463  -30.886179  15.078956  -32.989906  24.989979  -31.739000  
25.452377  -27.772600  -27.105972  25.484657  -25.555532  -0.991211  -20.596451  -24.194292  -28.303204  -24.034193  
-20.308994  26.506071  -22.997358  -27.003933  27.493284  -1.058701  27.859604  -27.349453  26.765139  -28.524254  
-16.797264  -24.915733  -15.681656  -26.831530  -30.325777  31.558727  -5.553338  -24.391125  31.935699  -28.778387  
31.743446  26.157917  28.448555  -18.487127  7.345466  1.489666  -29.501638  11.606647  -27.396669  -13.608665  
-27.674065  22.803783  -23.587780  -5.956399  17.851345  -29.958305  -2.373573  32.541912  -29.145765  32.780499  
23.156601  -31.936874  -23.037279  23.210339  -16.066366  28.110289  18.845188  30.645571  -26.768814  -16.099922  
27.679998  -20.325911  25.808142  -25.733467  -28.541807  0.567349  28.784498  26.622042  28.476433  -1.516529  
26.030373  -16.593649  22.357252  26.293604  28.905434  -27.011293  26.409996  -18.414158  -21.725388  -33.704205  
-24.948288  -25.220125  -20.178833  -7.443022  9.836597  34.162106  -27.491079  27.349024  -30.223257  -23.430996  
18.110004  -27.612009  -26.904844  -24.353579  4.394511  31.755394  27.892437  27.468506  -19.308678  27.300795  
-27.026585  27.288965  -7.176413  10.046975  25.635988  23.404205  -28.872671  31.483458  29.834528  -28.559134  
30.009659  -11.481675  27.223341  19.816360  4.897099  -24.425240  -28.176208  -27.415291  -29.087711  21.933622  
29.687820  22.965918  27.730066  31.794384  9.901048  4.573306  20.007175  -29.642658  -26.747276  28.268198  
-0.865210  -19.871767  -19.929611  -7.993979  18.854616  -28.328897  -34.383411  22.391741  31.597097  -22.520195  
18.711977  -36.071030  27.292971  15.776377  -27.944176  2.161903  16.054998  3.965790  13.864322  31.318604  
32.407635  5.166471  16.989594  27.554375  27.841732  26.678566  31.432329  28.344770  25.829052  -4.596391  
-27.288744  -30.192442  -24.259874  28.172007  22.895628  -0.534298  -19.668987  -6.121844  -27.388472  -26.192146  
-29.263872  -30.790047  19.891373  -21.585848  -25.329546  -19.121740  27.868361  -25.622396  -13.165931  -27.882870  
22.623146  23.712912  31.028137  20.355440  25.867502  29.143358  -27.648264  28.304945  17.928005  15.036697  
-26.480713  -10.525772  22.626904  -30.745777  -24.995880  -13.706410  23.108267  -30.951660  -27.589741  26.716717  
31.877645  -26.776035  -30.638912  -11.357694  27.723171  -14.465068  -13.479167  29.104784  -25.188648  -26.069992  
-27.348982  15.839380  27.952333  28.053581  21.310860  29.003035  -17.415442  -17.901690  -26.812763  28.250551  
-2.292844  -14.367384  31.270039  -2.544875  -3.583298  34.580555  -30.110287  -25.307888  26.263306  -18.783525  
25.580534  19.344273  24.519999  -27.579952  -28.082302  26.304674  -7.087376  20.679804  -28.221176  25.788729  
26.403370  0.119673  30.563673  -25.678677  23.550240  26.026884  25.694942  -15.687905  -26.583086  28.904022  
-26.024733  -9.991076  -26.260162  -32.388321  25.972918  26.600454  24.502594  25.001644  27.591122  -23.150839  
-20.381500  29.739450  29.266190  -19.060871  31.730856  -27.851404  -29.299297  22.886538  20.299524  -5.612797  
-30.245682  9.170924  27.835001  28.510269  -26.989723  -29.905684  -21.079306  -4.574450  27.621330  26.835732  
-11.741691  -21.096174  -31.672081  -26.892820  -20.835611  26.145498  -19.070086  -8.344960  -25.313398  -28.809412  
27.975668  29.217541  -21.093300  -24.969948  24.385786  27.821079  12.356703  29.299297  31.538540  -18.826864  
-0.011608  -21.470102  -21.539015  26.133718  -24.347315  14.058448  -29.397707  -32.114067  27.519901  -28.864784  
7.751823  25.806000  32.901085  -18.736755  -30.452698  31.745525  -19.301916  23.036520  -1.871948  -13.531702  
-25.096243  -22.490328  -29.185835  29.310244  -22.384819  25.474823  -23.745300  6.527666  -25.035147  26.242929  
31.915901  -17.114971  33.850632  -23.008661  -20.975691  31.195967  -20.159695  25.620447  -9.417980  -21.470547  
-20.885433  -26.098394  -34.525181  -27.231531  -22.594303  -19.190878  -17.335438  -22.200954  23.105984  -27.633783  
-25.089838  27.039967  -29.545822  -26.537960  16.975136  23.591961  27.614595  -26.206774  26.214140  24.426662  
24.727230  9.407478  -19.955605  -30.136086  32.399204  -29.649614  31.909718  -7.453758  -6.022649  21.740572  
12.958760  24.706667  -23.926395  -30.368166  29.662342  14.598271  -25.140099  -27.388971  -21.885681  -8.899488  
-14.913486  5.755036  29.146093  30.288597  26.944231  -23.483667  28.112745  23.703074  26.498447  25.958067  
11.558963  31.078140  20.723763  -30.646187  9.957328  27.129442  -30.294744  21.838882  30.638649  -5.043203  
-29.248917  17.624363  31.224365  30.660954  10.486515  -23.798962  1.554539  -28.965864  -12.215902  -22.325430  
7.900054  -26.661585  27.479298  31.024197  26.996269  -25.794918  -28.789604  20.071230  -26.860794  -21.076006  
-27.726221  -28.307617  34.196552  19.789654  31.658072  9.052336  20.067137  -24.075565  22.948666  33.775368  
-18.119324  -15.809902  27.389950  14.877948  -23.965155  22.419680  31.682259  30.595205  -31.514141  -24.590290  
-18.131638  -31.149517  22.957989  27.805208  29.596313  -18.579456  26.984100  31.832233  -0.351689  -22.661404  
-19.898781  14.091078  -16.836910  -23.718222  26.494846  7.629979  9.194495  19.305960  -2.738285  -35.370060  
-25.090359  25.073004  -29.615166  22.081806  24.856117  13.964811  -28.084621  -24.082621  -25.604486  -24.462408  
30.246601  -5.769229  -5.193548  29.170889  11.829287  -25.503380  -30.386749  30.259050  19.686636  -26.349174  
28.390156  -24.656689  -12.252963  25.772734  -30.656946  29.966541  -27.206295  26.297985  -12.604877  -3.371529  
26.495270  25.092012  -26.570024  29.583403  -12.035311  22.394245  -19.207348  -28.881124  19.397552  26.818882  
-13.935023  -29.313412  -33.118549  -29.540964  9.710785  -26.418322  -15.709097  30.511360  -27.285845  30.564705  
-1.097461  -29.774305  -24.169292  -29.655241  27.834856  19.809050  23.895390  26.617266  -22.941202  -32.466064  
27.327742  -26.427551  27.262140  -21.368608  23.675949  28.715414  28.391165  27.343777  -29.445198  -16.981379  
12.984652  -25.212948  -25.955906  -33.128109  3.915369  32.641487  16.643110  -28.839380  -29.649031  20.084105  
29.169926  -29.581917  -9.146402  26.112736  21.341251  22.479158  2.133000  -27.415180  -27.825184  29.289385  
15.334047  30.304628  -10.422917  -10.776401  -28.027750  22.465811  -27.439026  -30.379057  30.532068  -22.980307  
6.460567  24.801245  27.595768  -18.807585  26.529850  -28.904119  27.325108  -26.231388  -27.992422  -19.203676  
4.858919  9.724921  26.735258  -29.821846  23.857037  28.866035  -28.931206  30.675814  -18.045187  26.510839  
-23.896399  -29.940565  -29.135975  25.415710  -31.608906  26.104200  9.917217  18.043379  26.905247  17.197084  
-32.659801  24.501835  11.548573  24.957283  17.654007  23.903896  30.063805  -25.241699  15.368115  -28.222347  
-21.819532  28.157255  26.924294  -2.496731  -32.710079  28.959297  17.546373  -31.157272  4.777966  13.330534  
-33.874298  -22.775492  -23.086416  23.421789  -26.284649  12.585775  -29.640625  -25.766966  17.247511  16.120251  
-30.796759  -24.995079  -19.737066  13.902723  19.905830  -31.017385  15.919159  -27.547905  -23.628786  28.600891  
28.395857  -14.105124  23.998751  30.859987  -21.012695  28.477846  20.331127  29.432749  22.459372  23.770639  
9.352928  -31.270706  -29.708103  18.127703  29.772743  -31.743284  9.090717  -6.822830  3.621120  25.464043  
-28.046972  -19.711567  -28.521206  16.062174  -18.660967  -32.186073  29.525179  -18.658434  25.409454  3.064334  
29.735567  27.620518  24.151989  29.720812  -32.017345  8.971922  13.413472  28.063982  -21.506521  13.922566  
-29.474632  -19.652834  32.006847  24.401064  24.865980  25.338604  -30.355970  22.534678  2.968681  -22.344526  
-30.064535  28.272619  -11.764478  -28.267519  -9.421213  24.136015  -6.741315  -32.448353  -29.630991  -25.437532  
-26.516050  26.305784  -25.274731  -23.731672  -6.135195  -21.882580  -30.837490  -15.397966  -29.641878  -26.116444  
-17.967083  -36.490044  -21.267710  -29.521482  -20.714117  10.630355  2.775754  32.427319  29.701410  22.186726  
19.387829  -31.321960  6.491024  -3.254502  -9.085204  22.054094  31.965021  -22.539881  -29.751919  -27.778631  
27.144449  28.251413  -27.894733  18.980383  -16.955488  -24.369068  19.126995  24.730665  28.388189  -30.265663  
-22.823879  -16.743576  -0.855249  -20.405294  27.509684  21.952494  -32.309036  30.639891  30.141865  26.804674  
-24.074057  1.584005  -10.435838  -21.381445  27.189999  -23.158571  -31.572952  -11.807989  31.084354  29.657049  
-22.285618  14.744546  30.259914  26.419849  -29.737955  25.760761  -21.247749  26.240458  29.567011  21.174404  
8.155906  24.326309  30.161058  10.056418  -23.279669  -28.574661  32.762390  30.282391  29.276430  3.936939  
-29.147345  31.067495  -32.088154  16.249660  26.796309  -26.572680  -12.852500  -13.132098  23.243259  20.810740  
-26.896341  20.438314  26.042990  19.506247  20.804615  27.008863  32.395691  30.100246  -26.771997  21.191238  
7.246809  27.760994  29.059271  27.027941  3.511128  12.881917  -25.996683  -31.800346  29.468363  20.971094  
13.394855  -22.939171  -32.371952  -11.730799  -26.592562  31.801849  -23.234404  -28.626965  -23.670897  29.706806  
14.622396  29.198448  -11.544444  -7.621999  -4.405611  32.631290  28.775391  28.799553  -29.890314  -29.841303  
21.813150  21.489521  -10.591779  -27.987438  -29.199821  -7.887535  -26.221470  -27.671728  -29.797443  20.302853  
30.639811  13.334771  -8.900882  28.202700  12.857843  -6.109283  30.157297  -15.369250  31.276281  -31.603954  
7.694522  -20.468029  -0.725897  -17.788485  -34.178978  23.927425  -33.732220  4.955217  20.375965  -24.123995  
-16.236792  28.180031  -27.844164  -24.859165  -23.890783  -28.153116  -21.531990  22.802910  -27.761011  23.846361  
28.526554  -27.008692  -30.810272  16.839460  -24.733376  28.403906  -15.245345  -22.803564  23.127598  24.632538  
25.869368  3.164432  26.618368  29.791756  -30.799095  13.229739  26.083759  -33.614803  26.977602  15.521008  
14.767395  -23.872744  18.893583  -25.599060  29.511194  -26.763277  -14.523918  -18.442045  -29.616571  27.419004  
23.568420  -27.056763  24.325432  -23.938623  -28.297735  -6.575099  -26.447481  24.425529  -29.128120  23.467936  
27.782188  30.725523  -1.994576  20.232574  23.253380  31.770685  25.011625  29.346586  -18.634232  24.028671  
-2.991406  30.011583  -28.977139  19.140427  31.104210  25.743391  27.864761  -26.303442  5.711771  -24.898342  
23.080534  32.841953  27.434668  -26.967560  24.944504  23.324984  21.113098  -24.822979  26.371103  3.247402  
10.371755  -28.783300  30.557535  9.852886  -21.892038  29.397787  30.194834  23.821756  23.221987  -29.185167  
27.725525  20.331497  29.906160  29.985994  4.673646  -33.141441  17.755194  19.337343  11.178561  -30.378700  
-29.022953  32.298927  30.623846  -27.330795  -26.317472  -13.545459  -31.038189  14.862134  6.394091  -23.130997  
-27.122976  24.278252  -3.923284  -4.505970  7.424839  -33.698040  28.509602  29.525066  -14.325845  -3.606597  
-23.049450  -26.757929  28.846226  -15.622251  -26.292234  12.927630  -32.268642  -23.362898  33.380123  16.713203  
-26.834475  -25.778423  -25.374941  -33.272823  -8.950101  -26.951784  30.359373  23.437349  -23.741333  17.970463  
23.584236  29.477566  30.482859  24.227072  -0.161754  -28.249121  -25.205200  -22.896660  -26.021072  -27.754309  
24.359877  -15.766882  -22.589453  -28.795191  -22.054977  -25.591492  28.914436  -16.483168  -29.730721  -29.069077  
28.374998  -10.337638  -24.898254  -8.696457  -29.906717  -30.577459  -11.940366  31.599871  -23.696524  16.888037  
28.412569  -11.547874  -23.385649  5.188973  -26.594147  28.829832  30.491238  31.156525  24.449814  -22.396378  
-24.123362  10.227979  -33.093067  -26.940413  19.241301  26.934536  -30.959558  -29.113039  -25.290173  24.200045  
-25.407791  -28.724577  3.698982  -1.167456  32.141792  -3.179670  -27.368929  -31.284103  -29.620163  17.914351  
-26.139801  -23.038982  22.281845  -17.640434  21.039083  16.812750  31.378922  30.040468  20.431204  24.787907  
8.001920  29.006453  -29.817034  -16.471649  24.109184  -22.226015  -31.618090  -31.567238  28.035131  -17.240200  
31.732470  31.900095  27.778193  -4.249768  -15.619086  24.138508  24.233559  14.618389  25.075472  30.349316  
-28.288677  32.652050  -12.559782  -5.508770  -30.175503  -27.688131  6.298277  17.481476  31.894840  12.626587  
-0.359956  29.207279  28.969049  -29.720470  -11.271438  0.406908  17.933264  31.816317  31.016989  -29.226896  
-29.037714  31.317698  29.765678  10.190748  27.784094  -20.760891  19.971119  28.424423  -21.875158  -30.634502  
17.454336  27.734694  -28.182638  22.936987  -30.864325  24.006058  -22.265110  18.289276  -29.283976  23.994133  
-28.076096  24.803003  31.810873  -28.802849  16.174349  -12.161655  -0.723460  -30.066971  -4.219203  -27.094242  
-25.232018  -26.122824  8.917661  30.416269  25.667267  -23.732468  27.151720  -31.532894  21.933271  -24.658945  
4.607127  25.353094  -31.823626  18.221535  -9.143847  28.309465  27.168276  28.348866  4.025306  -16.054871  
24.069939  -6.346677  -18.416504  20.772797  29.109146  -22.270210  28.348614  -25.223400  28.465523  33.228703  
-22.829838  31.330181  2.640439  23.182808  29.689547  -25.471079  31.577196  23.975561  -16.879004  27.922268  
29.727743  -26.793751  4.074662  -26.435411  9.276300  -30.378164  -22.027834  -29.494093  17.942389  32.048019  
12.443921  -31.355478  -20.997168  -26.298655  13.543483  -22.858194  27.675776  -9.945221  27.362482  27.321886  
-22.948797  -16.643089  24.180367  -28.334538  30.239267  25.488913  -27.400799  27.946491  12.241156  -26.680285  
-26.742994  -32.847370  0.372974  29.170841  19.595181  25.148224  25.905928  -27.588221  5.420761  22.849968  
-31.289413  -25.980698  10.574203  -26.781279  23.723721  -16.573223  -29.030935  -27.023516  26.670540  -28.518023  
-20.405828  2.004235  -29.175016  31.777958  18.817739  3.310179  24.954983  23.126196  -33.089378  25.994604  
24.361629  -24.034267  27.114393  -22.175446  -21.102106  26.505531  28.671572  -27.174116  27.081461  17.971365  
23.356621  -5.383027  -5.395381  30.386618  -26.971796  35.123657  25.429768  3.912057  -28.749304  27.695974  
5.089523  30.756739  -18.651115  -29.794476  -11.307332  15.305420  -30.898745  26.515871  -26.690683  31.057924  
-27.608395  2.751207  31.480362  -6.192355  -15.776289  14.917231  -26.300941  -31.236757  -9.482904  -31.367132  
-29.525408  13.207518  30.402412  -27.161982  -16.195581  -8.314233  6.639257  26.347960  -12.045978  31.111658  
-25.366018  20.475132  27.603605  30.567028  -27.804394  21.405256  -6.385581  -26.473637  23.634207  -25.096960  
29.934078  -27.561596  21.638102  -26.487444  -7.843333  -32.990967  25.479225  23.726942  1.743223  -23.586367  
-18.529795  -14.682743  -11.309550  29.943205  -32.861969  -24.109367  -11.641270  30.234364  27.131487  27.869272  
32.296886  16.968967  -28.056850  17.463118  4.709224  -25.974831  -25.367235  1.224072  -26.906301  29.314491  
-25.831589  27.744438  28.279171  -23.356329  5.997526  13.055943  27.772594  -29.972574  30.874453  -6.439247  
-27.270761  -26.999367  17.389296  29.682049  25.536079  -31.437716  -17.270382  18.765409  -14.157981  25.990219  
-25.644127  24.661541  -30.554047  20.114891  -23.111427  22.993216  -27.149054  23.140715  20.203518  27.635824  
-25.846523  22.715874  -12.718971  -3.160396  -14.715969  35.330879  -30.877163  15.205578  -22.881746  29.061197  
-15.076153  23.229858  -33.552963  -0.534045  -26.019924  -30.503695  -30.021885  -26.314020  -0.870840  6.176859  
-31.264351  21.678905  -23.063509  30.365349  32.470901  -10.662707  -8.933731  -26.195234  -25.810390  24.120329  
27.617683  -26.467562  24.821156  -18.866934  -30.946278  -19.225807  -19.320507  -27.095076  29.887562  -27.905640  
29.890749  -16.860283  31.453899  14.095822  6.417044  -24.313219  30.336508  -22.971561  22.078314  15.273052  
10.796197  25.368275  -14.171386  -28.335548  16.275265  -31.915974  -18.500086  -33.356716  -19.192612  33.692402  
-27.123287  27.355597  -30.336468  28.779318  -32.750500  10.814196  24.501240  3.015838  23.269903  -25.158703  
-21.149429  -13.080396  -28.024158  -25.943312  23.708012  -28.325745  26.544689  -25.332069  -15.316700  -32.523273  
13.809246  29.555386  19.702276  28.850292  27.295843  -28.034163  27.024630  -24.833534  26.612434  19.731405  
28.613760  -29.762756  -30.633032  9.729327  -30.736677  4.846626  25.470345  24.346096  11.554205  23.544035  
-26.353815  -0.544388  26.486794  -28.141678  -28.819151  -19.970861  -30.929327  22.311621  27.651613  26.565744  
1.227070  10.043915  -22.600807  26.245567  25.942457  -30.712118  -27.150064  -30.792393  -24.804663  -30.143036  
26.438381  12.739036  29.980673  29.757868  17.797293  25.890196  28.367943  -28.205496  16.972397  -27.318939  
