5 512
0.007066 0.075781 -0.070082 -0.092014 -0.066477 
0.090510 0.106622 0.025911 -0.016760 0.003724 
-0.024628 0.058332 0.012876 0.059557 -0.002092 
-0.065092 -0.096975 -0.041837 -0.002432 0.058918 
0.014358 0.080049 -0.008803 -0.002091 -0.097584 
0.085323 -0.026053 -0.086585 -0.009541 0.130555 
0.045391 0.037557 0.074726 -0.050453 0.033517 
-0.035576 -0.084211 -0.086430 0.008910 -0.072674 
-0.098699 -0.024540 -0.048972 -0.066975 -0.048791 
0.032184 0.070992 -0.014416 0.141892 -0.044249 
-0.108921 -0.020450 0.115988 0.011287 -0.026273 
0.024341 0.138519 -0.036467 0.020684 0.074258 
-0.053563 0.077463 0.072166 0.032112 -0.079303 
-0.025039 0.079675 0.094211 -0.115754 0.038892 
0.050897 -0.024639 0.057826 -0.110429 0.071184 
0.015309 -0.034027 -0.055726 0.043179 -0.063089 
0.043359 -0.011698 0.006637 0.002751 0.030110 
-0.001261 0.111470 0.043277 -0.004205 -0.021599 
-0.005698 0.058842 0.168422 0.059313 -0.007971 
-0.087599 0.073891 -0.083238 0.099279 -0.017364 
-0.018429 0.014040 -0.014864 -0.111512 0.089450 
-0.028498 -0.087983 -0.077320 -0.062602 0.000328 
-0.027152 -0.093796 0.111381 -0.018603 0.092394 
-0.007256 0.025391 0.011454 0.012802 -0.041680 
0.008078 0.020905 -0.105401 -0.083265 0.027756 
-0.049630 -0.044085 -0.051424 0.104125 -0.000779 
-0.063079 -0.130699 0.070500 0.033468 -0.019802 
-0.061011 0.094839 -0.040122 0.118409 0.056950 
0.086391 -0.006615 0.045337 -0.044190 -0.106474 
-0.081912 0.067557 -0.031649 -0.014437 0.057585 
-0.121755 -0.049113 0.057109 -0.049872 0.044104 
0.064705 -0.091589 0.037286 -0.048606 -0.045398 
0.003456 0.057230 0.006262 -0.055206 -0.063871 
-0.005249 0.081783 0.134969 -0.002331 0.052643 
-0.093346 0.072093 0.116025 -0.031453 -0.006012 
-0.038574 -0.030841 0.010288 0.024420 0.051657 
-0.086584 0.046381 0.005410 0.052622 -0.072741 
0.079023 0.078099 -0.093912 0.005477 -0.006721 
0.100232 -0.017587 0.044819 0.036655 0.021580 
-0.006829 -0.050076 -0.003020 0.088246 0.013560 
-0.015690 0.012477 -0.052595 -0.048861 -0.033688 
0.055615 0.092298 -0.066194 0.016416 -0.066059 
0.046976 0.003023 0.104646 0.109136 0.018293 
-0.016507 -0.006859 0.004326 0.070843 0.140750 
0.025774 0.034730 -0.079590 0.050054 -0.107950 
0.002378 0.097498 0.027111 -0.122953 -0.002423 
-0.020539 -0.063263 -0.095493 -0.157361 -0.039183 
0.025721 0.026897 -0.001200 0.033997 -0.001749 
0.061593 -0.013053 -0.106317 -0.068190 0.046352 
-0.056060 0.157084 -0.049365 0.053959 -0.051065 
-0.047672 0.081570 0.064342 -0.030705 -0.070806 
-0.076503 -0.059471 0.012419 0.073968 -0.026179 
-0.038473 0.059013 -0.035783 -0.030057 -0.036346 
-0.052692 -0.015346 -0.022687 -0.035279 0.013314 
0.068397 -0.046609 -0.009593 -0.040796 0.157438 
-0.075360 -0.110464 0.031839 -0.029035 -0.015222 
0.041013 -0.099212 -0.108920 -0.008627 0.012095 
0.020855 0.009935 -0.086917 0.058827 -0.006536 
0.022104 -0.005013 0.003496 0.046663 -0.051061 
-0.036803 -0.067317 -0.007075 0.180870 -0.027434 
-0.025056 -0.039341 -0.073918 -0.003180 -0.110930 
-0.042711 0.005519 -0.035005 -0.088419 0.170942 
0.001503 -0.121485 0.066383 -0.067346 0.005643 
0.080088 -0.042562 -0.006668 -0.036538 0.020683 
0.042848 0.027852 -0.029088 -0.156468 0.006503 
0.037716 0.032082 0.038416 0.021835 -0.106963 
-0.043017 0.018166 0.070409 -0.005426 -0.035585 
-0.111071 -0.039986 0.050430 0.035157 0.066902 
-0.040684 0.060527 0.036225 0.002527 -0.015087 
0.059243 0.021268 -0.010682 -0.018434 0.059128 
0.111314 -0.054070 0.105744 -0.051476 -0.012970 
-0.000358 -0.099249 -0.077385 0.069924 -0.039101 
-0.072139 -0.049069 -0.088018 0.006144 0.000712 
0.081030 0.021987 -0.046031 0.058087 -0.001320 
-0.046851 -0.011062 0.108321 -0.001146 -0.071193 
0.044973 -0.002915 -0.003323 0.041735 0.094566 
0.053530 0.035927 0.100282 0.059082 -0.054059 
-0.012158 -0.035417 0.020412 -0.073193 0.059296 
-0.040489 -0.095250 -0.003821 -0.084904 0.053925 
0.109183 -0.005862 -0.036538 0.080962 -0.040647 
0.020070 0.057778 -0.020197 -0.079626 -0.003186 
-0.050855 0.128185 0.034731 0.057460 -0.035236 
-0.057096 -0.001238 0.122018 -0.071204 -0.047253 
-0.051767 0.048301 -0.052678 0.025990 -0.017481 
-0.029379 0.030738 0.047207 -0.047864 -0.033561 
0.029884 -0.091175 -0.085446 -0.026140 0.092628 
0.067706 -0.085617 0.081433 0.047305 0.031945 
-0.048728 -0.040387 0.046206 0.010578 -0.037639 
0.011328 -0.042458 -0.149597 0.033882 -0.061869 
0.008800 0.057754 -0.095876 0.038230 0.096876 
-0.033487 -0.141669 -0.014172 0.028439 -0.092764 
-0.053714 0.086926 0.034786 0.136053 -0.005569 
0.028753 0.009630 0.044114 -0.050365 -0.066224 
0.006017 0.014348 0.024471 0.000489 0.067234 
-0.021678 -0.118760 0.036349 -0.040295 0.076358 
-0.008444 -0.086082 -0.044018 -0.025804 0.028971 
-0.009233 0.053026 -0.035341 -0.182193 -0.102515 
0.089210 0.066812 0.032417 0.046882 -0.034815 
-0.052293 0.022814 0.129622 0.128232 -0.012105 
-0.087084 0.004762 0.086538 0.046566 0.098359 
-0.018713 0.039204 -0.021707 -0.060110 -0.117527 
-0.005459 0.060994 -0.057718 -0.021783 0.035154 
0.100557 -0.015470 -0.025818 0.008450 0.051535 
-0.001388 -0.114610 -0.057903 0.041862 0.061778 
0.045701 -0.078563 -0.070166 -0.048450 -0.088530 
0.021375 -0.004598 -0.090710 -0.009399 -0.073952 
-0.035575 -0.050280 0.114780 0.137866 0.065234 
0.003594 -0.066802 -0.144989 0.166201 0.039564 
-0.022457 -0.030090 0.016187 0.115443 -0.097331 
-0.019139 0.099440 0.002198 -0.030953 0.021099 
-0.045399 -0.046871 0.022533 -0.064657 0.005776 
0.049063 -0.028478 0.019268 0.054265 0.028042 
0.045559 -0.005541 -0.014410 -0.024165 -0.054976 
-0.073258 0.084205 0.036077 -0.068683 0.004708 
-0.085228 0.001234 0.046261 -0.050496 -0.028227 
-0.086828 -0.001218 0.021865 0.003791 -0.000568 
-0.088733 -0.040041 -0.035891 -0.054915 0.073463 
-0.132031 -0.012844 -0.068544 0.013052 0.087335 
0.038603 -0.115382 -0.010433 -0.007113 0.095126 
-0.047378 -0.081353 0.018021 -0.021156 -0.120774 
0.040038 0.007633 -0.088728 -0.009928 0.020142 
0.052024 -0.021063 -0.118121 0.102739 -0.055837 
0.005253 -0.061924 0.063680 -0.014512 -0.020259 
0.029493 -0.013435 -0.020638 0.089342 0.001092 
-0.046491 -0.145634 -0.083159 -0.158142 -0.279281 
0.003611 0.055863 -0.064655 -0.088773 0.089283 
-0.029619 -0.089949 0.017197 -0.066633 -0.052347 
0.090828 -0.087551 0.000338 0.085238 -0.005313 
0.096211 0.071381 -0.076546 -0.077927 -0.040864 
0.062936 0.041559 0.016235 -0.017513 0.014773 
-0.025734 0.028586 0.070292 0.055794 -0.026131 
-0.076954 -0.082228 0.043947 -0.035921 0.152668 
-0.049510 0.023159 0.008506 -0.044773 -0.160358 
0.024984 -0.025587 -0.071627 -0.038376 0.088478 
0.120568 0.046723 0.086731 0.000695 -0.015751 
-0.027837 -0.160937 -0.095031 0.036271 -0.009061 
-0.015078 -0.036281 -0.103665 -0.058258 -0.049573 
0.022021 0.108296 -0.002586 0.065655 -0.018584 
-0.046441 -0.031018 0.067350 0.014328 0.008860 
-0.000245 0.063400 -0.001810 0.043515 0.090344 
-0.063845 0.020485 0.079401 0.070558 -0.116428 
0.032628 0.068949 0.052238 -0.044530 0.096813 
0.029911 -0.008814 0.044352 -0.168172 0.009604 
0.055828 -0.100739 -0.026013 0.021193 -0.051425 
0.035891 -0.004085 0.030216 -0.060801 0.037202 
0.007262 0.120686 0.026846 0.058464 -0.100792 
-0.009176 0.027589 0.123957 -0.011283 -0.025744 
-0.105081 0.118244 -0.042122 -0.025404 0.000873 
-0.012703 0.084159 -0.067539 -0.140536 0.041637 
-0.014485 -0.043382 -0.048004 -0.075416 0.054401 
-0.018651 -0.032908 0.164231 -0.053236 0.033946 
-0.021681 -0.012655 -0.037049 -0.001613 -0.053393 
-0.014635 0.017954 -0.116115 -0.027232 0.034005 
-0.035376 0.026492 -0.037250 0.070733 0.074835 
-0.021378 -0.142980 0.123195 0.003699 0.025398 
0.015629 0.077370 0.032623 0.121580 0.097100 
0.000946 -0.056355 0.042065 0.008184 -0.081824 
-0.101937 0.065473 0.003360 0.069241 0.073002 
-0.053844 -0.044301 0.080351 -0.091833 0.044288 
0.007447 -0.120723 -0.013806 -0.023636 -0.064616 
0.030556 0.072630 0.074428 -0.087759 -0.026440 
0.064840 0.049162 0.091053 0.023891 0.033811 
-0.027746 0.116392 0.106126 -0.056644 -0.014781 
0.036137 -0.002632 0.055512 0.070077 0.067819 
-0.030625 0.053772 -0.078457 -0.021351 -0.113011 
0.052797 0.044875 -0.077269 -0.009867 0.101493 
0.073477 -0.024103 0.049145 -0.004706 -0.025211 
-0.053731 -0.049009 -0.035786 0.054430 0.046515 
0.025154 -0.043569 -0.034789 -0.058610 0.006931 
0.012049 0.046809 -0.129441 0.025541 -0.030933 
0.000297 -0.054058 0.179837 0.081515 0.004932 
-0.028445 -0.073753 0.010629 0.080042 0.098710 
-0.014017 0.057597 0.001010 0.071658 -0.067570 
0.074384 0.110366 -0.018121 -0.108754 0.037793 
0.028041 -0.047508 -0.031359 -0.098913 -0.036486 
-0.017311 -0.001279 -0.013694 0.051968 0.036512 
0.088201 0.031155 -0.043442 -0.065045 0.023486 
0.027000 0.104768 -0.015176 -0.038754 -0.004178 
0.003732 0.062166 0.085438 -0.077368 -0.101645 
-0.118347 0.007589 -0.056489 0.082268 0.020253 
-0.035623 0.034235 -0.099354 -0.061237 -0.024285 
0.005441 -0.039694 -0.025957 -0.004411 0.049903 
0.003040 0.036243 0.023552 -0.007334 0.128963 
-0.077727 -0.059175 -0.019437 -0.024872 0.004339 
0.084006 -0.076605 -0.102261 0.036714 -0.035205 
-0.007642 -0.005125 -0.030525 0.096390 -0.053138 
-0.002192 -0.024851 0.050645 0.041490 -0.043183 
0.046796 -0.050894 0.055023 0.133834 -0.024013 
0.000872 -0.057072 -0.000630 0.042070 -0.129339 
-0.064283 0.037836 -0.066393 0.004438 0.125379 
-0.062213 -0.067468 0.090177 -0.046094 -0.025725 
0.079101 -0.074909 -0.043730 -0.073483 0.069672 
-0.020413 -0.000079 -0.049725 -0.120751 -0.046980 
0.039894 0.072305 0.009798 0.005613 -0.045217 
0.006862 0.036285 0.074819 -0.006747 0.015144 
-0.071562 0.012324 -0.001082 0.014835 0.079960 
-0.027804 0.103358 -0.017203 0.014914 -0.056687 
0.030827 0.028076 0.003395 -0.073255 0.110310 
0.056498 -0.044893 0.110122 -0.109058 -0.052302 
-0.001604 -0.089977 -0.060548 0.107808 0.025463 
-0.070203 -0.000513 -0.123913 0.046247 -0.085392 
0.096343 0.095890 -0.064950 0.070363 0.034272 
0.037773 -0.076950 0.124858 -0.009008 -0.010115 
0.083868 0.051242 0.039149 0.015185 0.083375 
0.029773 -0.045961 0.100395 0.003743 -0.138294 
-0.041755 0.010806 0.057797 -0.147374 0.095858 
-0.009929 -0.103347 -0.032310 -0.110560 0.121377 
0.145244 0.017079 -0.080587 0.020516 -0.044939 
-0.010477 0.038347 -0.003466 -0.001618 0.019600 
-0.021762 0.125482 0.011074 0.065815 0.040298 
0.009202 -0.051686 0.129684 -0.131135 0.044536 
0.009313 0.102518 -0.075351 0.054338 0.020273 
-0.045753 0.031345 0.000407 -0.097294 -0.000416 
-0.007466 -0.044972 -0.078744 0.042414 0.066624 
0.030318 -0.067852 0.061416 -0.028992 0.056606 
0.004038 -0.036253 -0.014279 0.023123 -0.007832 
-0.000137 -0.027684 -0.127648 -0.007713 -0.008746 
-0.026500 0.049032 -0.183319 0.059107 0.066500 
0.016902 -0.093331 0.090129 0.016648 -0.083492 
-0.023669 -0.010473 0.027614 0.145068 0.000681 
0.044133 -0.035809 0.005668 -0.090461 -0.090732 
-0.033927 0.042997 0.021700 -0.046955 0.044487 
-0.026444 -0.061011 0.010110 -0.023804 0.030427 
-0.015195 -0.155603 -0.016584 0.021461 -0.003528 
-0.059784 0.032214 0.000847 -0.098859 -0.078980 
0.043188 0.066433 0.062309 0.144507 0.006865 
-0.068953 0.046698 0.099369 0.043354 -0.014309 
-0.033202 -0.002950 0.040734 0.083454 0.039319 
0.051358 0.006074 -0.073465 -0.090554 -0.120787 
-0.040676 0.092412 -0.085151 -0.021699 0.005813 
0.103135 0.024964 0.025832 -0.075982 0.035699 
-0.027310 -0.153007 0.036420 0.057600 0.081630 
0.001605 -0.054191 -0.033043 -0.014390 -0.071383 
0.036180 0.035860 -0.046980 0.038541 -0.044757 
-0.078032 -0.029878 0.078183 0.082251 0.010549 
0.053317 -0.038231 -0.065610 0.055798 0.037504 
0.076317 -0.027605 0.010349 0.095361 -0.088636 
0.049089 0.113316 0.051084 0.038589 0.034330 
-0.055948 -0.037217 -0.015418 -0.139976 0.036306 
0.039306 -0.009889 -0.044910 0.016559 -0.000050 
0.106073 0.015280 -0.002563 -0.109085 -0.048475 
-0.035319 0.163860 0.032981 -0.044932 0.003227 
-0.123233 -0.010638 0.055479 -0.003666 -0.072249 
-0.111158 0.065365 0.010691 0.039119 -0.001837 
-0.118729 0.061470 -0.002077 -0.033335 -0.060165 
-0.026081 -0.001806 -0.079616 -0.000075 0.080598 
0.032908 -0.035140 -0.003136 -0.029024 0.094622 
-0.075773 -0.022898 -0.014817 0.058393 -0.111505 
0.036794 -0.015760 -0.112602 0.030323 0.085897 
-0.020834 0.056079 -0.103762 0.117671 -0.041205 
0.041684 -0.084336 0.034186 0.011973 -0.006313 
0.040836 -0.035709 0.034170 0.122672 0.090973 
-0.053182 -0.059371 0.091017 -0.090998 -0.116986 
0.001405 0.138364 0.017107 -0.064076 0.103486 
-0.031142 -0.030068 0.046547 -0.133471 -0.042055 
0.140418 -0.125084 0.035218 -0.001162 -0.021130 
-0.012034 0.097413 -0.079006 -0.039030 -0.054011 
0.143887 0.078835 -0.000601 -0.021173 -0.039895 
-0.025050 0.075865 0.039221 0.032458 0.038206 
-0.038873 -0.085003 -0.032736 -0.026956 0.113525 
-0.023933 0.120794 -0.003862 -0.026459 -0.138724 
0.089559 0.029002 -0.052098 -0.085692 0.115174 
0.083497 0.024179 0.119021 -0.067541 0.019047 
-0.027720 -0.086083 -0.055329 0.020087 -0.027086 
-0.047858 -0.051975 -0.035205 -0.059342 -0.068582 
0.058936 0.044141 -0.080315 0.119744 -0.046518 
-0.064588 -0.027212 0.147823 0.032404 0.016690 
0.024302 0.085560 -0.001525 0.016469 0.038891 
-0.020146 0.019943 0.045067 0.038070 -0.086274 
-0.025769 0.044192 0.102141 -0.064765 0.055849 
0.048803 -0.030066 -0.009220 -0.116655 0.068295 
0.047580 -0.076138 -0.070307 0.047582 -0.111342 
0.004656 -0.004452 0.029703 -0.004259 0.011130 
0.014446 0.166086 0.059565 0.000985 -0.052607 
0.013251 0.094476 0.106216 0.016715 -0.025581 
-0.101244 0.072897 -0.114526 0.024681 0.010784 
-0.051759 0.032389 -0.050202 -0.083316 0.052334 
-0.035100 -0.116721 -0.110336 -0.053391 0.065541 
-0.029790 -0.020457 0.135285 -0.004142 0.111508 
-0.030936 0.018549 -0.016034 0.018572 -0.084336 
-0.048615 -0.018739 -0.096815 -0.090162 0.019410 
-0.040821 -0.009925 -0.097427 0.091891 0.031793 
-0.024598 -0.132848 0.078353 0.089339 -0.068562 
-0.020779 0.040974 -0.055675 0.169131 0.029649 
0.078165 -0.050679 -0.005881 -0.004983 -0.104324 
-0.069096 0.127960 0.011392 -0.000769 0.062168 
-0.079842 0.001606 0.089284 -0.035465 0.031075 
0.029519 -0.102956 -0.010902 -0.064030 -0.019669 
0.057492 0.075802 -0.008904 -0.060743 -0.053144 
0.005126 0.062980 0.085674 0.019895 0.104448 
-0.086473 0.056906 0.056795 -0.012940 0.036606 
-0.008604 -0.040450 0.042062 0.041810 0.027680 
-0.092256 0.091237 -0.039500 0.024761 -0.088978 
0.068585 0.088295 -0.048033 -0.017808 0.045370 
0.124600 -0.035320 0.056751 0.092751 0.054025 
-0.015725 -0.061938 0.036806 0.078768 -0.016065 
0.002444 -0.023887 -0.072177 -0.029790 -0.005860 
0.015478 0.129142 -0.091024 0.071482 -0.065445 
0.005867 -0.006051 0.098646 0.054089 0.018713 
0.033837 -0.008355 -0.051959 0.057440 0.160305 
-0.001863 0.016738 -0.033705 0.062233 -0.140759 
0.027342 0.060074 0.030362 -0.117875 0.061020 
-0.028026 -0.088238 -0.003782 -0.146288 -0.080395 
0.050048 0.036136 0.019500 0.066902 0.020355 
0.024817 -0.056254 -0.140918 -0.085803 0.020540 
-0.003730 0.161411 -0.049408 0.000219 -0.002348 
-0.055021 0.067820 0.126483 -0.031063 -0.119299 
-0.102834 0.001133 0.010172 0.107707 -0.029106 
-0.059813 0.036698 -0.021720 -0.043189 -0.002270 
-0.031694 0.009605 -0.022459 -0.036417 0.053675 
0.061561 -0.012723 0.050040 -0.029450 0.131044 
-0.124516 -0.107579 -0.012171 0.011761 0.002599 
0.016327 -0.060854 -0.080910 0.030875 -0.002997 
-0.020970 -0.011880 -0.086096 0.037912 0.012421 
0.055253 -0.007250 0.041740 0.055596 -0.024420 
-0.017564 -0.079202 0.008897 0.180091 0.054490 
0.001772 -0.022151 -0.082048 -0.010559 -0.163377 
-0.020660 -0.017827 -0.030800 -0.045856 0.122405 
-0.052946 -0.130490 0.097383 -0.116737 0.039855 
0.056504 -0.059549 -0.059931 -0.018658 0.034898 
0.054889 0.005373 -0.066796 -0.127360 0.047960 
0.071746 0.027410 -0.006212 0.024132 -0.094062 
0.005369 -0.008926 0.073085 -0.014265 -0.029204 
-0.100025 -0.072076 0.014651 0.069368 0.048275 
-0.066823 0.086074 0.014921 -0.015395 -0.045138 
0.026224 0.000902 -0.038208 -0.035221 0.057397 
0.097606 -0.073195 0.051626 -0.033488 0.027813 
0.002070 -0.097510 -0.057877 0.126680 -0.082194 
-0.072597 0.006014 -0.093185 -0.016853 -0.022790 
0.138461 0.005394 -0.056485 0.102778 0.028918 
-0.045604 -0.060041 0.121251 0.029260 -0.101404 
0.061194 0.033039 -0.016798 0.064263 0.065144 
0.010925 0.023151 0.107623 0.027977 -0.090356 
-0.024863 -0.006440 0.047870 -0.047486 0.088211 
-0.012139 -0.116121 -0.000525 -0.140961 0.016604 
0.063490 -0.022732 -0.046944 0.066970 -0.068838 
0.016143 0.026202 -0.043344 -0.064881 0.024877 
-0.072845 0.120531 0.077901 0.047272 0.011713 
-0.044646 0.040932 0.076164 -0.101233 -0.029615 
-0.065118 0.050966 -0.023273 0.053517 0.023710 
-0.007489 0.035822 0.023439 -0.055528 -0.004033 
-0.007662 -0.096546 -0.081662 0.037141 0.137562 
0.075526 -0.097496 0.123990 0.013996 0.087005 
-0.019788 -0.082043 0.020524 0.007027 -0.021537 
-0.036264 -0.090952 -0.177722 -0.009306 -0.031473 
-0.009287 0.047557 -0.090241 0.089347 0.056375 
-0.005506 -0.112128 0.004356 0.064421 -0.038478 
-0.035674 0.040616 0.007731 0.160236 -0.054199 
-0.007537 0.012434 0.022001 -0.021567 -0.075163 
-0.026053 0.015909 0.041015 0.021832 0.034152 
-0.048539 -0.086655 0.047465 0.000682 0.042640 
0.023697 -0.095971 -0.022874 -0.000369 0.003413 
0.046005 0.064807 0.010131 -0.129517 -0.092254 
0.116469 0.053796 0.038110 0.094470 0.018435 
-0.034803 0.073591 0.108348 0.104096 0.049884 
-0.021274 0.022097 0.065347 0.065555 0.089319 
0.000474 -0.004186 -0.040493 -0.065543 -0.083167 
-0.017425 0.049177 -0.044248 0.008399 0.068180 
0.154778 0.027549 -0.008012 0.014950 0.043254 
0.039599 -0.136415 -0.018716 0.061900 0.031263 
0.058118 -0.037200 -0.114692 -0.080876 -0.053238 
0.077436 0.015015 -0.092517 0.005804 -0.065541 
-0.005653 -0.073184 0.095594 0.082470 0.060989 
-0.000262 -0.035766 -0.083441 0.122634 0.088429 
-0.014397 -0.055434 -0.005659 0.069697 -0.064892 
0.008824 0.082498 0.051866 -0.036070 0.033403 
-0.082855 -0.087376 0.002714 -0.097121 -0.019170 
0.027179 -0.069870 -0.009316 0.047450 0.040657 
0.060527 0.004620 -0.040264 -0.051228 -0.029023 
-0.071384 0.101421 0.009538 -0.099185 0.060100 
-0.048395 -0.024677 0.025125 -0.056043 -0.058045 
-0.054059 0.008107 0.021078 0.045290 -0.018459 
-0.113359 0.014009 -0.006826 -0.052747 0.046922 
-0.075976 0.008538 -0.084411 -0.004369 0.045801 
0.075392 -0.067340 0.014454 0.032407 0.092478 
-0.061859 -0.083458 0.051442 0.031695 -0.080233 
0.054028 0.027000 -0.073549 0.032300 0.036501 
-0.011384 -0.020780 -0.124142 0.093905 -0.028332 
0.039139 -0.030944 0.079952 -0.001717 0.013976 
0.038005 -0.001751 -0.044097 0.129827 0.014385 
-0.001682 -0.063458 -0.002511 -0.078150 -0.141236 
0.021955 0.104851 -0.093246 -0.060019 0.069998 
0.004399 -0.096408 0.059327 -0.062268 -0.074327 
0.108063 -0.090534 -0.045654 0.048119 0.049187 
0.042105 0.043964 -0.091516 -0.047999 -0.028881 
0.070471 0.055401 -0.025605 0.011176 0.008475 
0.022254 0.038266 0.048106 0.047176 -0.017967 
-0.010978 -0.088762 0.034806 0.019311 0.126815 
-0.010571 0.053073 0.032162 -0.000780 -0.152200 
-0.014253 -0.021954 -0.131040 -0.061376 0.113838 
0.060725 0.020201 0.102533 -0.011392 -0.052046 
-0.069625 -0.091011 -0.097954 0.067847 0.017856 
-0.053461 -0.040679 -0.121664 -0.077208 -0.106919 
0.057996 0.069756 -0.012433 0.069569 -0.055159 
-0.024801 -0.060448 0.101700 0.014619 0.036580 
-0.004526 0.093977 -0.028211 0.045261 0.149736 
-0.014691 -0.007959 0.097708 0.107128 -0.079723 
0.029157 0.020116 0.104828 -0.064208 0.119172 
0.039583 -0.029446 0.006628 -0.110398 0.004062 
0.048132 -0.060601 0.009448 0.051777 -0.053127 
0.050551 -0.001924 0.028079 -0.050618 -0.013698 
0.001920 0.088162 0.073078 0.085795 -0.066788 
0.014025 0.042699 0.176241 -0.046674 -0.034822 
-0.051433 0.121729 -0.057076 0.023901 0.045075 
-0.057182 0.054780 -0.017280 -0.146674 0.002090 
-0.016223 -0.044841 -0.084524 -0.152479 0.072688 
-0.006962 0.008711 0.127455 -0.003876 0.053162 
-0.013682 -0.025386 -0.000427 -0.024811 -0.024474 
-0.056267 0.062116 -0.121311 -0.053011 0.065651 
-0.075385 -0.008680 -0.063033 0.083039 0.110577 
-0.000152 -0.127017 0.055904 0.013659 0.005664 
-0.002852 0.047248 0.001128 0.100773 0.037274 
0.026368 -0.042205 0.021887 -0.020247 -0.056678 
-0.077475 0.089799 0.058003 0.039741 0.106663 
-0.016853 -0.015972 0.075741 -0.048829 0.015374 
-0.032657 -0.125677 -0.062060 -0.057409 -0.061287 
0.073151 0.050357 0.053547 -0.059886 -0.051298 
0.057954 -0.003817 0.076028 0.006757 0.061109 
-0.038030 0.143209 0.092207 -0.018493 0.062291 
0.005751 -0.036449 0.067582 0.031449 0.101894 
-0.080754 0.011515 -0.049485 -0.016137 -0.087818 
0.108851 0.038222 -0.099315 -0.003117 0.052278 
0.107517 -0.036233 0.065370 0.040409 -0.057029 
-0.033167 -0.081758 -0.019502 0.033438 0.013365 
-0.017760 -0.025906 -0.020244 -0.078722 -0.011697 
-0.028246 0.068647 -0.106417 0.026956 -0.064914 
0.062711 -0.017857 0.151539 0.044613 -0.017820 
0.009085 -0.032785 -0.025795 0.075790 0.075667 
-0.040398 0.058556 -0.042634 0.093973 -0.099529 
0.057103 0.073562 0.012640 -0.066141 0.029558 
0.060219 -0.083699 -0.054799 -0.120442 -0.000374 
0.006521 0.034512 -0.039558 0.042191 0.033865 
0.103992 -0.014977 -0.077384 -0.051340 0.001873 
0.047451 0.140612 -0.024885 -0.021420 -0.046604 
0.030606 0.100660 0.076356 -0.019288 -0.098570 
-0.114463 -0.010855 -0.034657 0.025618 -0.003356 
-0.087913 0.064346 -0.075540 -0.091569 -0.024965 
-0.021232 -0.017255 -0.056931 -0.003104 0.030219 
-0.020112 -0.012334 0.035298 0.001405 0.161753 
-0.064618 -0.064401 -0.007218 -0.000120 -0.047208 
0.116105 -0.056464 -0.069645 -0.007032 -0.012090 
-0.023237 0.016000 -0.039802 0.074319 -0.012604 
0.014863 -0.058081 0.093219 0.062253 -0.040302 
0.027405 -0.128683 0.039923 0.116808 -0.011706 
0.012483 -0.017698 0.003645 -0.007588 -0.120662 
-0.032868 0.066217 -0.031343 -0.034166 0.146334 
-0.031228 -0.125921 0.117756 -0.042686 -0.062094 
0.049375 -0.112262 0.010166 -0.073599 0.048690 
0.028292 0.020076 -0.062865 -0.106114 -0.025300 
0.066916 0.029279 0.028191 -0.003599 -0.040614 
0.020491 0.060238 0.052747 -0.010390 -0.022389 
-0.063358 -0.028707 0.035907 -0.011898 0.079703 
-0.003758 0.078051 -0.017869 0.009045 -0.018982 
0.034974 0.069405 -0.018909 -0.038613 0.083909 
0.033935 -0.036607 0.088891 -0.052599 -0.059839 
0.052758 -0.068308 -0.063615 0.126093 -0.009460 
-0.042175 -0.011113 -0.073071 0.052086 -0.052619 
0.049226 0.066898 -0.045666 0.117923 0.053656 
-0.010739 -0.043962 0.141903 0.001792 -0.035469 
0.090671 0.043993 -0.013655 0.018989 0.127223 
0.001030 -0.001154 0.081839 -0.024979 -0.103704 
-0.077920 0.036083 0.068220 -0.062210 0.113730 
-0.010501 -0.065801 0.050885 -0.104304 0.121937 
0.111850 0.009680 -0.011791 0.001677 -0.035029 
0.010677 0.024572 -0.012860 -0.030323 -0.010466 
0.011279 0.167752 0.003136 0.109709 0.007292 
0.000987 0.004572 0.108706 -0.113192 -0.012431 
-0.015225 0.073653 -0.051275 0.077928 -0.012752 
-0.011708 0.014172 0.025162 -0.095378 0.026382 
-0.028889 -0.058569 -0.129329 0.011087 0.061452 
0.056893 -0.058004 0.103586 -0.060752 0.081824 
-0.042805 -0.015991 -0.024444 0.028952 -0.013528 
0.042851 0.019988 -0.165741 -0.031012 -0.014713 
-0.026059 0.031698 -0.134343 0.032090 0.020828 
0.051674 -0.128006 0.050856 0.022220 -0.073513 
-0.009340 0.013756 0.036163 0.098407 -0.023495 
0.023858 0.008121 0.022220 -0.103489 -0.046663 
-0.033000 0.063565 0.029224 -0.012693 0.084202 
0.012187 -0.051000 0.026126 -0.043293 0.008675 
-0.019812 -0.165070 -0.014555 -0.047431 0.017990 
-0.040073 0.107192 0.022228 -0.089023 -0.066885 
0.014630 0.073186 0.069902 0.072634 0.019593 
-0.041539 0.031788 0.092310 0.027223 0.034027 
-0.051855 0.000391 0.007869 0.131910 0.069384 
0.046276 0.040440 -0.037093 -0.031393 -0.112828 
0.015709 0.096749 -0.103205 -0.021284 0.011405 
0.158287 -0.021028 0.042219 -0.050759 0.069715 
-0.042907 -0.116980 0.014224 0.094648 0.028395 
0.041535 -0.057033 -0.047607 -0.024419 -0.034905 
0.010125 0.036728 -0.052503 -0.001839 -0.033477 
-0.053414 -0.070394 0.092895 0.100600 -0.026352 
0.080574 -0.028763 -0.059548 0.094571 0.091787 
0.041437 0.014312 0.045792 0.108269 -0.081586 
0.056288 0.137447 0.054718 -0.032474 0.054502 
-0.100144 -0.006460 0.024739 -0.117043 -0.008919 
0.070299 -0.036862 -0.014543 0.024500 -0.015222 
0.114975 -0.043705 0.000421 -0.061872 -0.035148 
-0.022797 0.128575 -0.031798 -0.086718 -0.007172 
-0.071706 -0.006833 0.028645 -0.007011 -0.096745 
-0.142269 0.027996 0.065210 0.061381 0.000741 
-0.140531 0.017480 -0.014986 -0.040893 -0.012718 
-0.012494 -0.021869 -0.032923 0.016456 0.104475 
0.010792 -0.066178 0.019097 -0.001893 0.067513 
-0.092673 -0.059851 -0.045936 0.052642 -0.062500 
0.065013 -0.025659 -0.149301 0.051705 0.035692 
-0.045790 -0.007482 -0.069141 0.149365 -0.042039 
0.018492 -0.081315 0.055880 0.058158 0.019669 
0.063836 -0.012391 0.007057 0.155454 0.033854 
-0.016532 -0.007661 0.043113 -0.080283 -0.108670 
-0.029344 0.093781 -0.015840 -0.068134 0.091804 
0.004148 -0.058507 0.059633 -0.095883 -0.004939 
0.086151 -0.113571 -0.019466 -0.009167 0.003662 
