5 512
0.005167 -0.037310 -0.002159 0.016849 0.130396
0.039445 0.031680 -0.074412 -0.031499 0.060536
0.019479 -0.030564 -0.048137 -0.056279 -0.027829
0.020585 -0.011270 0.023913 -0.005706 0.011407
-0.023217 0.107455 -0.037777 0.004070 -0.017279
-0.090444 0.007641 0.099001 -0.047913 -0.017199
0.022700 -0.063865 0.047213 0.043843 -0.036225
0.001312 -0.123861 -0.038988 0.058666 0.074541
0.039508 0.110300 0.013954 -0.119228 -0.035807
-0.047392 0.027035 -0.004412 -0.032650 -0.037150
0.002491 -0.045447 0.158260 0.022828 -0.030124
-0.047856 0.088744 -0.009678 0.106688 0.087690
-0.027941 0.044084 -0.028500 0.018736 -0.069969
-0.035358 -0.051568 -0.030459 -0.017899 0.027632
-0.018607 -0.123557 0.019228 0.057485 -0.028907
0.019057 0.038151 -0.080220 0.034222 0.023081
0.021312 0.041905 0.112903 0.024092 0.093974
-0.116679 0.015344 -0.066059 -0.096437 0.004041
-0.022464 -0.116260 0.047819 -0.003921 -0.073504
0.001975 -0.025869 0.028200 0.122690 0.010627
-0.035672 0.078963 -0.009686 0.000743 -0.147582
0.016932 -0.020291 -0.096896 -0.237875 -0.029121
0.017376 -0.040130 -0.053865 0.154060 -0.013215
0.015215 -0.019023 -0.070604 0.032265 0.040340
0.102365 -0.022746 0.019895 0.050570 0.008845
-0.034134 0.044441 -0.049387 -0.140481 0.072570
0.013023 -0.006079 0.037574 0.004937 -0.081501
0.003696 0.049908 0.007355 0.000403 0.026006
-0.008466 0.080680 0.061382 -0.108985 -0.088060
-0.012275 -0.081061 0.020333 -0.079001 0.068724
-0.014081 -0.042609 0.093365 0.044120 0.000303
0.063391 0.096574 -0.105424 0.039041 0.010412
-0.054031 -0.084948 0.080406 -0.035883 0.137428
0.063037 0.050562 0.024690 -0.031394 0.130320
-0.015501 -0.078884 -0.076886 -0.013864 -0.073587
0.048778 0.003814 -0.031125 0.046897 0.028304
0.048692 0.132795 0.065450 0.059487 -0.042396
-0.176999 0.056943 -0.004135 -0.049378 -0.041083
-0.039445 -0.016292 -0.004550 0.062010 -0.079613
-0.054566 -0.008476 -0.016710 0.049202 0.025758
-0.078723 0.092091 0.096536 -0.065079 0.021161
0.076657 0.009203 -0.036866 -0.016559 0.012823
0.008225 -0.003006 0.108033 0.043120 -0.060870
-0.019346 0.022790 -0.001728 0.062304 -0.016965
-0.001302 -0.014490 -0.041803 -0.034058 -0.197066
-0.033655 -0.127217 -0.108681 -0.010571 -0.004705
-0.015553 -0.086069 0.034109 -0.101379 0.002068
-0.004003 -0.044637 -0.068617 0.052228 -0.047812
-0.043307 0.035681 0.042207 -0.055946 0.055944
-0.026792 -0.012601 -0.056710 -0.021094 0.105842
-0.025598 -0.078858 -0.013487 0.030728 -0.031956
0.031444 0.022763 0.025364 0.121366 0.070736
-0.084556 0.098118 -0.024301 -0.058655 -0.043194
-0.011752 -0.043781 0.091051 -0.071201 -0.020980
0.082904 -0.031657 -0.088247 0.066709 -0.079182
-0.012151 0.011796 -0.010589 0.100656 0.094539
0.035967 0.025338 0.071826 0.009741 -0.040209
0.006866 -0.015095 -0.168469 -0.056133 0.060145
0.045830 -0.068969 0.034551 0.015842 -0.092809
0.054699 0.138744 0.001726 0.006927 0.005167
0.016978 0.046384 -0.060183 -0.040742 -0.072692
-0.022489 -0.029728 -0.065018 -0.124741 0.044927
-0.029057 -0.037154 0.031068 0.060086 0.009984
0.009311 -0.006957 -0.105508 0.059637 -0.019564
-0.068154 -0.066443 0.000799 0.028579 0.097063
0.096936 0.030230 -0.034623 -0.088918 0.040334
0.019439 -0.050707 -0.003294 -0.028505 -0.053599
0.062460 -0.070688 -0.016465 -0.035680 0.017378
0.009363 0.048761 0.043374 0.039587 -0.023232
-0.067033 0.042663 0.054070 -0.042797 -0.089391
-0.030497 -0.050249 0.059528 0.089089 -0.029633
0.064125 -0.086614 -0.002005 0.080620 0.000502
-0.003490 0.097336 0.099565 0.015648 0.006691
0.077668 0.016572 0.035404 -0.046026 0.017237
-0.048631 0.009314 0.141479 0.017079 0.043796
-0.106474 0.145951 0.057740 0.011250 -0.059443
0.027572 0.026650 0.008527 0.002949 -0.037680
-0.077991 -0.090617 0.003420 -0.046010 0.007354
0.019056 -0.128651 0.016464 0.004584 -0.030883
-0.092069 0.038976 -0.081840 0.066695 -0.047340
0.003513 0.040613 0.046815 -0.023406 0.062389
0.021759 0.024928 -0.018922 -0.048006 0.063800
-0.014416 -0.050333 0.042628 -0.114934 -0.101450
0.062139 0.029295 -0.065908 0.111463 0.050781
-0.022707 0.135414 0.003548 0.134535 -0.048259
-0.092344 -0.027727 0.016343 -0.060786 -0.081502
-0.005412 -0.026229 -0.143331 0.052404 -0.077298
-0.035919 -0.041968 -0.106108 -0.004369 0.065028
0.096370 -0.053299 0.043317 -0.049735 0.049815
0.032324 0.051309 -0.009607 -0.205917 0.005023
-0.054316 -0.022895 0.099327 -0.006927 -0.076574
-0.111024 0.111026 0.038381 -0.060368 0.064238
-0.034316 0.026846 0.025740 -0.076162 -0.163904
0.055955 -0.056885 0.014831 -0.120715 0.090938
0.035289 -0.036439 0.060012 0.080302 0.036215
0.065250 0.083030 -0.058784 0.104826 -0.051805
-0.011099 -0.006420 0.053042 0.024127 0.092534
0.058569 -0.033442 0.025186 -0.018222 0.117744
0.044345 -0.042456 -0.043767 -0.021378 -0.121965
0.027371 0.052731 -0.020316 0.036912 0.115357
0.031150 0.041547 0.059267 -0.039672 -0.086918
-0.162369 0.024801 0.031725 0.083400 -0.034463
0.000272 -0.008147 -0.002016 0.131953 -0.092911
-0.091944 -0.062864 -0.005221 0.063647 -0.012658
0.042685 0.067952 0.038644 -0.153221 0.096841
0.108299 0.089446 -0.047164 0.004196 -0.043268
-0.035456 0.050838 0.070444 0.084465 -0.079980
-0.048916 0.057726 0.023894 0.027653 0.017775
0.015461 -0.030287 -0.022245 0.052081 -0.150947
-0.002682 -0.056774 -0.123366 -0.091754 0.006536
0.006473 -0.143025 0.054690 -0.043189 0.032970
0.027446 0.033127 -0.132722 -0.010417 -0.080097
-0.018187 0.001858 0.111290 -0.090749 0.059434
-0.068738 0.090679 -0.145070 -0.065277 0.063514
-0.003982 -0.056382 -0.003673 0.015845 -0.073396
0.043688 0.002836 0.069211 0.124852 -0.053313
-0.040946 0.070440 -0.107024 -0.019199 -0.033672
-0.001440 0.021680 0.110595 -0.053452 -0.052426
0.035461 -0.028179 -0.049041 0.022580 -0.010989
-0.002913 -0.051691 -0.075881 0.037241 0.076377
0.034735 -0.031556 0.073516 -0.001427 0.016296
-0.017537 0.003346 -0.099774 -0.067624 -0.044257
-0.018202 0.030622 0.012773 0.046475 -0.121785
-0.057265 0.116179 -0.079916 0.066396 0.050104
-0.013177 0.057766 -0.047879 -0.109526 -0.146491
0.032675 -0.049318 -0.057045 -0.080068 0.089621
-0.046564 -0.029992 0.040828 0.029281 -0.037369
-0.009731 -0.082145 -0.117622 0.117077 0.037369
0.000820 -0.106634 -0.007967 0.000812 0.140637
0.036530 0.062121 -0.065504 -0.094930 0.121336
0.017530 -0.017330 -0.040402 -0.018255 0.010992
0.019746 -0.027564 0.033588 0.042466 -0.003143
0.013767 0.084179 0.033753 -0.017279 -0.009676
-0.006452 0.032645 0.031852 -0.030975 -0.043384
-0.005433 -0.015258 0.053273 0.054748 -0.064736
0.008959 -0.141223 -0.032957 -0.015079 0.018198
-0.001681 0.143079 0.076000 0.001037 -0.048744
0.022062 0.026030 -0.008263 -0.050353 -0.023037
-0.036477 -0.051733 0.137823 -0.034438 -0.007573
-0.004256 0.064218 0.075183 0.095106 0.026497
0.026360 0.009791 -0.058039 0.053315 -0.077817
-0.033283 -0.081151 -0.055220 0.004268 0.017539
-0.007329 -0.117200 0.093220 0.037359 0.002718
0.010749 0.018281 -0.075800 -0.024889 0.005720
0.022129 0.035613 0.036187 0.032246 0.105439
-0.073766 0.016887 -0.059934 -0.049471 0.073520
-0.024041 -0.104642 0.023557 -0.059746 -0.043871
0.022311 -0.000250 -0.074027 0.198593 0.102732
0.024478 0.077658 -0.060042 -0.018229 -0.149648
-0.009871 -0.105822 0.007585 -0.161459 -0.041121
-0.021460 0.009020 -0.065018 0.111801 -0.024953
0.074594 -0.026041 -0.062859 0.009199 0.069609
0.078672 -0.033414 0.054128 0.005408 -0.016273
0.052076 0.107610 -0.067518 -0.096400 0.033703
-0.014350 -0.024676 0.056254 -0.043770 -0.060847
-0.004185 0.073550 -0.057830 -0.016644 0.029096
0.005755 0.026472 0.040449 -0.091950 -0.048538
-0.034439 -0.107938 0.090712 -0.117001 0.043170
-0.006505 -0.035277 0.117316 0.127002 0.047906
-0.001441 0.118379 -0.132165 0.007380 0.023823
-0.020120 -0.083725 0.047284 0.023795 0.074123
-0.013439 0.024994 0.060254 -0.069120 0.166373
-0.024228 -0.063150 -0.046506 -0.077202 -0.054592
-0.006571 0.010335 -0.006568 0.003982 0.075837
0.008643 0.136339 -0.005502 0.033910 -0.066379
-0.127371 -0.006954 0.039770 -0.070123 0.060925
-0.046386 -0.026420 -0.005280 0.103509 -0.022310
-0.003740 -0.014999 -0.037770 0.080005 0.025231
-0.054995 0.071017 0.009442 -0.075737 0.013441
0.051947 0.027097 -0.070351 -0.055705 -0.021115
0.021387 0.029232 0.163331 -0.032380 0.010008
-0.011987 -0.028631 0.002665 0.014770 -0.009558
-0.034325 0.015830 -0.091253 -0.012677 -0.107378
-0.034624 -0.047725 -0.102330 0.042525 -0.006869
0.014048 -0.043127 0.052384 -0.047473 0.055102
0.009744 -0.033646 -0.081755 -0.001464 -0.016223
-0.036697 -0.002279 0.023279 -0.036221 0.101478
-0.058454 0.065074 0.003524 0.005010 0.097182
-0.038171 -0.037943 -0.009994 -0.033355 -0.044552
0.041318 0.065041 0.000092 0.100816 0.029007
-0.031803 0.183537 -0.009617 -0.010544 -0.028465
0.006900 -0.014988 0.090490 -0.174817 0.027464
0.063314 -0.049281 -0.001567 0.091421 -0.078603
-0.004869 -0.063266 -0.001922 0.069338 0.081771
0.058737 0.073195 0.081676 -0.047808 -0.025797
-0.004185 0.033203 -0.125472 -0.108148 0.031258
0.035192 0.029957 0.046675 0.047238 -0.088197
0.033315 0.114919 -0.049180 0.025707 0.053843
0.035182 0.140206 -0.058660 -0.025978 -0.019658
-0.014847 -0.021051 -0.034385 -0.121789 0.173406
-0.112251 -0.022333 0.071206 0.028998 0.046468
0.067704 -0.026159 -0.158316 0.014936 0.040216
-0.010137 -0.053492 0.004935 -0.011277 0.073852
0.091261 0.114794 -0.014060 -0.051545 0.077316
0.101258 -0.046137 0.022994 -0.066767 -0.065537
0.049952 -0.043582 0.012823 0.009313 0.036343
0.054885 0.037796 0.021940 0.013211 0.006019
-0.099578 0.058596 -0.045463 -0.015632 -0.087141
-0.019273 -0.033140 0.043796 0.119057 -0.081813
-0.021538 -0.070453 -0.052551 0.077213 0.000094
0.050268 0.092271 0.051688 -0.025224 0.075437
0.027983 0.069205 0.031787 -0.099975 0.004387
-0.002747 -0.056567 0.161394 0.000164 0.084189
-0.124844 0.050329 0.009844 0.055877 0.055701
0.030479 0.028843 -0.001076 -0.017173 -0.102770
-0.038426 -0.133841 -0.035840 -0.072046 0.020206
0.016438 -0.097885 0.041857 0.034601 0.030422
-0.089192 -0.014112 -0.052276 0.012005 -0.029335
-0.011331 0.101833 0.063827 0.044288 0.101597
-0.034689 -0.027434 -0.017801 -0.079224 0.067103
-0.027456 -0.098034 0.009448 -0.038986 -0.156729
0.085023 0.033136 -0.021343 0.110701 -0.011901
-0.006484 0.082023 -0.027094 0.091208 -0.013163
-0.012223 0.005933 0.010653 -0.098119 -0.005304
-0.021061 -0.058077 -0.073035 0.097856 -0.102847
-0.035329 -0.092754 -0.101463 -0.048671 0.055015
0.102145 0.062017 0.016002 0.036489 0.059000
0.042861 0.025447 -0.019735 -0.107841 -0.033752
-0.043982 -0.067059 0.051092 0.025235 -0.147107
-0.016269 0.123009 0.035894 -0.020453 0.040013
0.015557 0.015825 0.080712 -0.069630 -0.149739
0.022006 -0.008848 0.040169 -0.095688 0.059575
-0.030641 -0.061353 0.046302 0.104489 0.043372
-0.001579 0.059737 -0.104073 0.042342 -0.048611
-0.013811 -0.056255 0.107179 0.057433 0.084815
0.030217 0.022360 -0.040342 -0.028775 0.120588
0.041270 -0.045775 -0.030195 -0.106859 -0.104349
0.072418 -0.003603 -0.013072 0.040728 0.086869
0.091943 0.066517 0.024442 -0.030929 -0.032920
-0.160336 -0.010347 -0.068458 0.017458 0.044823
0.050694 0.067625 0.040303 0.113164 -0.038747
-0.065558 -0.106357 -0.028352 0.121488 0.026548
-0.007820 0.054872 0.094674 -0.099533 0.005231
0.118132 0.042780 -0.065079 0.031440 0.043229
-0.050024 0.015943 0.073917 0.034049 0.010548
-0.024979 0.022639 0.027795 0.049491 0.048762
-0.002738 -0.010783 -0.027637 -0.006986 -0.104141
-0.066719 -0.061742 -0.067028 -0.053057 -0.003478
-0.050948 -0.122196 0.022082 0.002595 0.015094
0.006014 0.005784 -0.184537 -0.034872 -0.036104
0.055412 0.006886 0.103488 -0.063001 0.096665
-0.035533 0.009847 -0.095114 0.008588 0.023736
-0.034278 -0.111970 -0.041172 0.039730 -0.102952
0.063775 0.039273 0.109863 0.091800 0.030306
-0.082206 0.089449 -0.058478 -0.029341 0.038389
0.061057 -0.024711 0.111044 -0.035079 -0.027985
0.014570 0.002046 -0.031545 0.058848 -0.019500
-0.002475 -0.025589 -0.144358 0.063478 0.124927
-0.014094 -0.010970 0.031621 -0.040043 0.004389
0.025003 0.052397 -0.054526 -0.073469 0.026795
-0.024697 0.024739 0.118299 0.014948 -0.132109
0.020192 0.037815 -0.090270 0.049313 0.082764
-0.022642 -0.006053 -0.038073 -0.057363 -0.107347
0.033166 -0.027556 -0.019765 -0.111958 0.027773
-0.063001 -0.052998 0.019353 -0.009646 -0.011270
0.011872 -0.006508 -0.122226 0.059824 0.041779
0.016445 -0.031890 -0.036310 0.013085 0.091631
0.062866 0.054501 -0.117523 -0.010907 0.087026
-0.014974 -0.035920 -0.048565 -0.019246 -0.043405
-0.006959 0.006211 0.042370 0.014603 -0.006435
0.019149 0.078038 -0.020556 0.018114 -0.036521
-0.054036 0.007325 0.056349 -0.033497 -0.025960
0.050184 -0.066536 0.091501 0.071356 -0.049044
-0.032263 -0.095268 -0.008784 0.049033 0.036929
0.020357 0.152151 0.040814 -0.063159 -0.024324
-0.017084 0.011876 -0.015442 -0.019811 -0.000366
-0.002700 -0.072981 0.109288 0.007473 -0.049442
-0.054040 0.051947 0.019359 0.129160 0.021981
0.002248 0.035262 -0.023141 0.064666 -0.078273
-0.031663 -0.031343 -0.006058 -0.045421 0.017466
-0.067122 -0.130784 0.067057 0.052460 -0.041165
-0.004411 0.046453 -0.055461 0.048162 -0.009687
0.021530 0.007211 0.104764 0.079849 0.086248
-0.072791 0.001112 -0.027964 -0.071233 -0.013339
0.007979 -0.118231 0.076826 -0.060762 -0.084358
-0.011447 0.009765 0.014163 0.164784 -0.015892
-0.020756 0.152509 -0.014014 -0.041853 -0.117008
-0.011755 -0.005766 -0.086896 -0.139650 -0.032342
0.025651 -0.007843 -0.039073 0.103397 -0.042591
-0.005971 -0.001324 -0.053945 -0.000716 0.048977
0.130185 0.028226 0.061179 0.024489 -0.021939
-0.007019 0.054336 -0.010040 -0.095411 0.082406
-0.032130 -0.015054 0.033059 0.002802 -0.080159
-0.022452 0.077426 -0.015314 0.033583 0.028479
0.023293 0.035078 0.006442 -0.110541 -0.106244
-0.034737 -0.104140 -0.034570 -0.114316 0.079382
0.006009 0.003901 0.080081 0.055082 0.012896
0.064981 0.057219 -0.112986 0.003906 -0.028414
-0.012383 -0.054541 0.077483 0.004267 0.123567
0.007369 0.099856 0.023273 -0.028194 0.122030
-0.036635 -0.126589 -0.034567 -0.028288 -0.065040
0.014280 0.011435 -0.004867 0.043901 0.035395
0.028599 0.075858 0.118460 0.070581 -0.051903
-0.170905 0.050352 0.053514 -0.017139 0.021748
-0.096610 0.008904 -0.001049 0.078787 -0.101201
-0.026229 -0.019757 -0.035771 0.054142 0.068041
-0.020328 0.099979 0.096623 -0.046957 -0.001733
0.049586 0.052458 -0.031724 -0.028332 -0.005418
0.046710 0.014238 0.133125 -0.005428 -0.080055
-0.033226 0.034007 0.025272 0.033924 -0.044662
-0.034690 -0.079173 -0.160689 -0.153893 -0.228771
-0.002450 -0.083966 -0.168294 0.010694 -0.012167
0.000004 -0.044377 0.023373 -0.077437 0.012178
-0.015899 -0.010828 -0.062847 0.029927 -0.074557
-0.053306 0.049688 0.057017 -0.022571 0.015337
-0.046545 0.018895 -0.024848 -0.004424 0.165442
-0.060201 -0.098629 -0.065190 0.036582 -0.038566
0.051453 0.093478 0.039619 0.117535 0.090386
-0.029366 0.108075 -0.016568 -0.093576 -0.048799
-0.045599 -0.023619 0.070072 -0.109294 0.001548
0.076285 -0.091274 -0.068829 0.000215 -0.046519
-0.022512 -0.027067 0.014905 0.079017 0.140699
0.061141 0.009178 0.097811 0.033468 -0.006666
0.007163 -0.007578 -0.124238 -0.025271 0.017581
0.042405 -0.034252 0.064890 0.002500 -0.139083
0.009733 0.158179 0.014474 0.038913 0.056290
-0.004998 0.075401 -0.030557 -0.038595 -0.049070
-0.014680 -0.076306 -0.132365 -0.177693 0.091760
-0.057238 -0.072379 0.050877 0.051489 0.028125
0.004991 0.032621 -0.167359 0.041002 -0.007072
-0.086405 -0.042263 -0.019757 -0.011524 0.066004
0.085670 0.008071 -0.013614 -0.062142 0.083280
0.000887 -0.075820 0.008295 -0.020136 -0.016886
0.089657 -0.106260 -0.051491 -0.012687 0.054778
0.011535 0.086613 0.053803 0.027164 -0.023825
-0.040009 0.080987 0.026309 -0.000334 -0.085288
-0.024208 -0.085040 0.096077 0.120527 -0.044181
0.003034 -0.091142 0.006471 0.115971 -0.026358
0.003489 0.083633 0.109975 -0.029425 0.061726
0.056115 -0.006711 0.013158 -0.062917 -0.015029
0.003354 0.031574 0.119045 0.022859 0.023777
-0.068292 0.115604 0.031617 0.008953 0.006943
0.014420 0.008569 -0.031547 -0.006857 -0.051690
-0.086683 -0.108339 0.005093 -0.108646 -0.034720
0.054273 -0.096753 0.050806 -0.021115 -0.025278
-0.079997 0.027008 -0.034211 0.090949 0.005678
0.019288 0.042083 0.062119 0.019301 0.040859
-0.009113 0.022427 -0.004019 -0.060890 0.032884
-0.012373 -0.037976 0.017625 -0.079369 -0.050788
0.079720 -0.039347 -0.085324 0.091044 0.026653
-0.063122 0.099371 -0.024736 0.084631 -0.100421
-0.073313 0.014317 0.022555 -0.116051 -0.063966
-0.009688 -0.063666 -0.131709 0.016744 -0.135028
-0.003708 -0.043685 -0.121631 -0.036930 0.125776
0.084333 0.010114 0.071231 -0.010395 0.059391
0.017760 0.033034 -0.018996 -0.130540 0.025758
-0.018261 -0.060044 0.127025 -0.032724 -0.107299
-0.064538 0.090073 -0.010186 -0.066127 0.107025
-0.010940 0.003083 0.019030 -0.023935 -0.140176
0.003549 -0.042402 -0.010695 -0.185915 0.060835
0.005405 -0.013822 0.029205 0.079338 0.068155
0.071485 0.030282 -0.087207 0.073480 -0.027940
0.004896 -0.033246 0.072637 0.018017 0.054712
0.026184 -0.005287 0.034456 -0.036753 0.079232
0.072707 0.004506 -0.039353 -0.015560 -0.071466
0.010257 0.067446 -0.006598 0.047396 0.072218
0.023405 0.082663 0.015319 -0.035436 -0.075461
-0.124036 -0.032046 0.060837 0.010231 -0.053024
0.022800 0.042891 -0.041549 0.132395 -0.095330
-0.077091 -0.058554 -0.070632 0.047570 0.031856
0.000127 0.114996 0.058660 -0.092472 0.064503
0.096450 0.066200 -0.001059 0.039487 -0.032859
-0.065721 0.001601 0.088037 0.059828 -0.047411
-0.077714 0.010275 0.013629 0.003304 0.005407
0.000665 0.012927 -0.077525 0.069202 -0.157417
0.014547 -0.095965 -0.087546 -0.067375 -0.027867
0.005458 -0.095839 0.105294 -0.044892 0.045151
-0.001349 0.038356 -0.127152 -0.080503 -0.105423
-0.018484 0.008439 0.104398 -0.027959 0.082086
-0.020605 0.042785 -0.109139 -0.025958 0.079733
0.036289 -0.083773 -0.033819 0.032566 -0.065556
0.006659 0.002090 0.097027 0.115715 -0.013271
-0.067514 0.128365 -0.089129 0.026160 -0.040584
-0.002443 -0.017254 0.129204 -0.110078 -0.064943
0.089215 -0.022299 -0.034959 0.022446 -0.019254
-0.038900 -0.069862 -0.070540 0.069949 0.111993
-0.006311 -0.009057 0.094278 -0.014932 0.003657
-0.019323 0.026145 -0.062611 -0.073753 -0.007182
0.014101 0.015776 0.052537 0.064728 -0.160187
-0.005122 0.076356 -0.104763 0.091493 0.020225
-0.000433 0.062698 -0.060457 -0.147540 -0.066168
0.007195 -0.061498 -0.037801 -0.039763 0.059551
-0.028410 -0.074510 0.057667 0.020584 -0.042510
-0.025311 -0.037825 -0.188010 0.077423 0.030749
-0.025465 -0.067541 0.003073 -0.049778 0.127789
0.002786 0.120009 -0.067812 -0.026565 0.111272
0.023219 -0.024403 -0.014507 -0.048624 0.022163
0.014596 -0.052136 0.001580 0.064595 0.017963
0.021330 0.098862 -0.009253 -0.041062 0.008903
-0.013829 0.031967 0.076571 -0.005348 -0.044010
0.031252 0.000369 0.036818 0.072854 -0.038569
0.004161 -0.128017 -0.053152 0.050896 -0.015212
-0.036159 0.097995 0.068397 -0.048472 -0.056131
-0.011920 0.059188 0.010215 -0.061152 -0.011717
-0.035949 -0.057039 0.090859 -0.029682 0.041466
-0.025106 0.131191 0.059327 0.085383 0.021699
0.049230 0.036630 -0.077086 0.017806 -0.088790
0.004040 -0.069533 -0.026785 0.009666 0.014017
-0.055897 -0.096299 0.120693 0.029995 0.032602
-0.001365 0.034015 -0.053512 0.001573 -0.019170
0.003956 0.006452 0.067313 0.028301 0.160615
-0.053111 0.013990 -0.027060 -0.013638 0.039376
-0.054462 -0.096553 0.079994 -0.043791 -0.025051
-0.003222 0.019418 -0.049525 0.151136 0.034123
0.055117 0.058918 -0.017393 0.026169 -0.126380
-0.019008 -0.028939 -0.014027 -0.173373 -0.032841
-0.003370 0.039680 -0.118311 0.114094 -0.041869
0.041121 -0.038391 -0.096074 -0.032479 0.060222
0.063968 -0.024528 0.018158 -0.009892 -0.043882
-0.005004 0.129800 -0.025438 -0.121186 0.049860
0.010448 -0.040388 0.061853 -0.017304 -0.035088
-0.008678 0.061476 -0.039493 -0.005055 0.079169
0.046134 0.009770 0.068294 -0.078965 -0.043792
-0.030529 -0.053845 0.053853 -0.140682 0.111461
0.003549 -0.014939 0.148955 0.072861 0.004332
0.015386 0.062006 -0.122325 -0.032529 0.010241
-0.047982 -0.126440 0.055840 0.067128 0.101189
-0.002630 0.031969 0.046076 -0.080194 0.104740
-0.033486 -0.077818 -0.058697 -0.095258 -0.111074
0.037236 0.011711 0.001113 -0.005664 0.048588
0.041131 0.098257 0.033126 0.029317 -0.095311
-0.071555 -0.039999 0.026678 -0.072182 0.035031
-0.007997 -0.048174 -0.006796 0.075959 -0.052060
-0.007645 0.037076 -0.035574 0.085576 0.034126
-0.050676 0.051430 0.031999 -0.134308 -0.001489
0.084564 -0.018394 -0.097410 -0.042931 -0.025608
-0.025489 0.041919 0.142482 0.004617 -0.041085
-0.028816 -0.015527 -0.031005 0.028405 -0.022240
-0.067737 -0.025241 -0.052578 0.012322 -0.120556
0.016278 -0.081744 -0.099160 0.025144 0.025441
0.003176 -0.073871 0.031718 -0.028622 0.029031
0.017910 -0.030693 -0.104215 -0.015422 -0.065738
-0.048346 -0.012847 0.046849 -0.008621 0.058771
-0.054495 0.031597 -0.038844 0.043138 0.092588
-0.071371 -0.059093 -0.001197 0.001766 -0.074762
0.029470 0.089616 0.005009 0.052977 0.015899
-0.045424 0.158466 -0.038717 -0.032506 0.028687
0.011435 -0.006772 0.047605 -0.144659 -0.031229
0.073577 0.011530 -0.008172 0.058883 -0.088412
0.033615 -0.034120 -0.030701 0.101215 0.096645
0.027368 0.041249 0.081502 -0.025440 0.007592
0.059893 0.012106 -0.112009 -0.114692 0.016397
0.087068 0.016199 0.051263 0.011915 -0.085364
0.026046 0.145258 -0.047521 0.077134 -0.000345
0.034532 0.099801 -0.087591 -0.059719 -0.058671
0.022737 -0.001887 -0.107049 -0.116757 0.134115
-0.055403 0.005157 0.067618 0.081074 0.071787
0.063802 -0.003430 -0.106491 0.017543 0.002214
-0.013785 -0.032962 0.010084 0.024325 0.045963
0.059883 0.072282 -0.008608 -0.015127 0.048225
0.041752 -0.068845 0.012227 -0.090748 -0.035309
0.045353 -0.078624 -0.019489 0.035531 0.058571
0.045414 0.039032 -0.011106 0.048787 -0.025336
-0.084893 0.031896 0.010850 0.012526 -0.053205
0.016952 -0.044041 0.068766 0.097328 -0.122229
0.027016 -0.051759 -0.057246 0.074566 0.006201
0.069904 0.100068 0.076124 0.004278 0.029466
0.045229 0.055683 0.018790 -0.067806 0.039373
0.029179 -0.036787 0.129921 -0.028993 0.037711
-0.105011 0.138747 -0.004370 0.052080 0.050835
0.025511 -0.002962 0.007852 -0.055234 -0.075055
0.000460 -0.089231 -0.030467 -0.080347 0.007488
0.067460 -0.076368 0.084991 0.039544 0.033391
-0.044318 0.006390 -0.079387 -0.002909 -0.029708
-0.047882 0.063040 0.065719 0.021811 0.070945
-0.007571 -0.001302 -0.064119 -0.068005 0.051040
-0.017747 -0.063938 0.018673 -0.038391 -0.099966
0.057475 -0.007669 0.009384 0.109283 0.012248
-0.048858 0.092498 0.011967 0.061525 -0.028819
-0.015131 -0.024160 -0.033220 -0.101648 -0.017980
-0.003342 -0.049829 -0.125096 0.128241 -0.047377
-0.028943 -0.109072 -0.066133 -0.015454 0.098334
0.053371 0.011324 0.042781 0.044313 0.062510
0.098408 0.065410 -0.040693 -0.116351 -0.032327
-0.013634 -0.058591 0.081507 0.042019 -0.099770
-0.018275 0.084624 -0.007512 -0.041113 0.054203
0.017879 -0.029747 0.059865 -0.048281 -0.111513
-0.022478 0.002059 0.022383 -0.125360 0.058216
0.002386 -0.081600 0.049288 0.157428 0.057724
0.005046 0.102125 -0.083473 0.044059 -0.094864
0.039120 -0.063306 0.057341 0.060519 0.107383
0.007076 -0.009373 -0.012555 -0.066630 0.117121
0.025254 -0.008796 -0.062102 -0.083164 -0.079007
0.084839 0.042308 -0.055353 0.036386 0.132641
0.084464 0.056288 -0.011636 -0.059554 -0.087748
-0.147377 -0.052414 -0.010203 -0.009159 -0.018829
0.009621 0.061633 0.015716 0.086332 -0.061465
-0.011833 -0.062998 -0.021168 0.125194 0.045025
0.052316 0.025720 0.095155 -0.093252 0.028720
0.056113 0.063321 -0.045315 0.025199 0.023591
-0.070481 0.072350 0.092458 0.047973 -0.025439
-0.001281 0.021028 0.034576 0.084779 0.006867
-0.010323 -0.046330 -0.009172 0.030485 -0.117679
-0.021782 -0.034737 -0.086292 -0.045885 0.009655
-0.037167 -0.123331 0.017291 -0.028319 0.071447
-0.057180 -0.032912 -0.139418 -0.025966 -0.039305
0.009411 -0.054017 0.076307 -0.060252 0.110087
-0.061366 0.038897 -0.098107 0.046119 0.043021
-0.029130 -0.096885 0.007623 0.090513 -0.097416
0.053264 0.058296 0.054372 0.060769 0.015586
-0.067956 0.059996 -0.037850 0.005986 0.000778
0.045873 -0.065546 0.077900 -0.085638 0.000698
0.027694 -0.021241 -0.002777 0.034509 -0.048173
0.009988 0.001008 -0.077434 0.026002 0.139490
0.008910 0.007791 0.059292 -0.057047 0.014127
-0.022959 0.085710 -0.068087 -0.081561 0.005935
0.007577 0.061544 0.076542 0.001660 -0.113279
0.024973 0.086750 -0.061674 0.095059 0.089352
-0.024436 0.024181 -0.016117 -0.073634 -0.067986
0.074701 -0.046868 -0.054634 -0.092485 0.006662
-0.033256 -0.053774 0.049001 -0.002339 0.013545
-0.006432 -0.012089 -0.086842 0.104105 0.061991
