10 512
0.435217 0.668864 1.010296 1.220420 1.503978 1.784675 2.135458 2.357467 2.618905 2.738042
0.179285 0.333160 0.500638 0.796950 1.039987 1.234969 1.652301 1.848233 2.625555 2.804968
0.268785 0.356576 0.595753 1.044339 1.249382 1.428680 1.686986 1.864689 2.339905 2.513801
0.120070 0.165585 0.484694 0.959160 1.237528 1.529146 1.837513 2.107730 2.487495 2.766846
0.150214 0.229487 0.628240 0.961255 1.337065 1.598306 1.919745 2.217861 2.537318 2.759560
0.268624 0.345980 0.569637 0.754737 0.916538 1.508543 1.786354 1.954418 2.369530 2.501822
0.246064 0.468874 0.662711 0.890015 1.147153 1.510431 1.781056 2.095943 2.655391 2.800369
0.191631 0.280628 0.393229 0.611761 1.420170 1.707741 1.873032 2.101553 2.280348 2.499488
0.361668 0.507047 0.789974 1.045992 1.502378 1.677032 1.905337 2.162555 2.432259 2.590873
0.208160 0.294285 0.448634 0.694229 0.872517 1.070315 1.703352 2.168742 2.426189 2.603657
0.316939 0.513618 0.705487 0.917036 1.175989 1.311140 1.618599 2.037840 2.450523 2.579395
0.241068 0.377728 0.521595 0.717203 1.310414 1.539991 1.736431 2.098926 2.297917 2.587348
0.234937 0.281875 0.780422 1.440733 1.609428 1.756430 1.977206 2.148605 2.602032 2.722501
0.178679 0.242672 0.416988 0.708348 0.955620 1.176671 1.781798 2.054488 2.281591 2.448112
0.345036 0.421080 0.740887 1.165442 1.324944 1.488798 1.763463 1.906174 2.395050 2.649158
0.249586 0.357494 0.520747 0.847195 1.428408 1.597779 1.778194 2.178502 2.413437 2.564662
0.295235 0.574231 1.249097 1.464097 1.727559 1.926790 2.095363 2.284830 2.567065 2.722480
0.341930 0.427307 0.634001 0.804212 0.905629 1.333373 1.790329 1.892756 2.445823 2.602828
0.363948 0.508985 0.667357 0.946354 1.437562 1.626545 1.811141 2.039091 2.291882 2.435493
0.163514 0.277407 0.409207 0.902065 1.189070 1.339636 1.802411 1.960770 2.652930 2.818987
0.302643 0.359753 0.651207 1.208021 1.423702 1.548149 1.882130 2.015591 2.260535 2.578896
0.155928 0.216908 0.381812 0.654803 1.112373 1.589935 1.847562 1.976716 2.224078 2.725337
0.274981 0.347675 0.572000 0.736046 0.894248 1.632373 1.891391 2.056890 2.602900 2.721779
0.154496 0.243461 0.348174 0.689505 1.573807 1.700306 1.943182 2.101580 2.564661 2.773169
0.292612 0.466612 0.795936 1.047468 1.413693 1.750848 2.062894 2.340073 2.613612 2.769493
0.242896 0.361500 0.555859 0.793597 0.932291 1.409467 1.863863 2.009534 2.464500 2.677491
0.221646 0.344724 0.554564 0.729403 1.136575 1.301772 1.529181 2.163590 2.395821 2.610805
0.160969 0.224467 0.371545 0.626879 1.160953 1.444229 1.675966 1.879779 2.478590 2.672023
0.214172 0.341585 0.676575 0.977397 1.325429 1.720096 2.072595 2.369539 2.635285 2.778792
0.203311 0.289438 0.458739 0.914153 1.122885 1.302925 1.583844 1.886828 2.187869 2.427039
0.280383 0.371600 0.824827 1.100246 1.236225 1.398923 1.578041 2.016000 2.368973 2.506732
0.170627 0.251778 0.393686 0.608347 1.287599 1.446665 1.793278 2.036554 2.310153 2.752439
0.180580 0.288746 0.987854 1.431706 1.677216 1.915661 2.124939 2.289452 2.589612 2.754264
0.176335 0.266263 0.445421 0.706403 0.875402 1.422918 1.758670 1.960910 2.410676 2.601751
0.216173 0.287404 0.480696 1.009765 1.291304 1.476644 1.895584 2.064286 2.284064 2.483108
0.176523 0.273934 0.403407 0.966139 1.304724 1.436612 1.944728 2.084836 2.544458 2.762416
0.311836 0.550501 0.879591 1.096228 1.276661 1.477859 1.817706 2.154340 2.560467 2.779841
0.179765 0.250560 0.455939 1.023886 1.225132 1.475662 1.734617 1.918713 2.147342 2.438235
0.271033 0.457235 0.599622 0.821049 0.940125 1.200937 1.849716 1.986656 2.548168 2.751578
0.179326 0.248002 0.426405 0.817060 1.285888 1.565019 2.117359 2.298712 2.572404 2.752701
0.374409 0.535936 0.897009 1.185070 1.591569 1.757202 1.967944 2.179985 2.457394 2.622641
0.185472 0.282752 0.409439 0.657499 0.856446 1.029396 1.879933 2.069323 2.344742 2.753103
0.375964 0.578457 0.758945 0.929339 1.127475 1.259437 1.704109 2.122973 2.336031 2.498298
0.225641 0.361030 0.501679 0.783379 1.314851 1.452621 1.714150 1.987157 2.225703 2.724361
0.144996 0.252919 0.632145 1.226038 1.575343 1.901549 2.171481 2.390554 2.682293 2.809834
0.172022 0.263338 0.448634 0.729435 0.984007 1.171597 1.757049 1.990232 2.321305 2.771210
0.235731 0.351117 0.796871 1.055711 1.300224 1.591818 1.895875 2.122918 2.417888 2.599817
0.254053 0.319371 0.455623 1.086141 1.664667 1.915882 2.059084 2.233416 2.452037 2.586788
0.375538 0.742993 1.139911 1.337758 1.735562 2.013906 2.315012 2.483433 2.651575 2.755211
0.247245 0.481131 0.710366 0.897602 1.121094 1.271709 1.787346 2.199502 2.429663 2.740668
0.226103 0.311441 0.501648 0.844424 1.362818 1.531338 1.777474 1.989925 2.187493 2.358501
0.195862 0.296224 0.609554 0.783241 1.243472 1.445477 1.637032 2.022645 2.483557 2.646137
0.233302 0.299441 0.472792 1.249457 1.457875 1.601860 1.831433 1.993719 2.597193 2.755433
0.168096 0.224183 0.382700 0.596214 1.060587 1.294418 1.605760 1.848489 2.357695 2.569186
0.330050 0.445912 0.661713 0.874446 1.000792 1.452973 1.943987 2.076916 2.423883 2.612359
0.226382 0.287303 0.517631 0.806229 1.309009 1.885280 2.160514 2.286410 2.526377 2.660822
0.203170 0.499314 0.887358 1.235074 1.462922 1.698260 1.999316 2.229225 2.571613 2.766691
0.307531 0.378353 0.573606 0.712218 0.850169 1.308996 2.059092 2.263816 2.497943 2.676815
0.276203 0.510250 0.686800 0.902844 1.205197 1.327979 1.718894 2.038947 2.256393 2.697149
0.161948 0.229115 0.393619 0.683613 1.137811 1.322692 1.783723 1.961584 2.389073 2.636082
0.201334 0.276773 0.468994 0.967017 1.475971 1.632424 1.965774 2.197278 2.480593 2.701553
0.214587 0.315421 0.469498 0.733397 1.146003 1.277911 1.727839 2.227135 2.440264 2.681122
0.255602 0.394609 0.743393 0.977796 1.199085 1.405972 1.918336 2.224828 2.479187 2.663394
0.245989 0.352625 0.517055 0.802830 1.558712 1.795653 1.944055 2.133640 2.333267 2.479982
0.337423 0.480433 0.869036 1.139571 1.630764 1.822959 2.074843 2.292613 2.479130 2.625317
0.220974 0.358850 0.571640 0.752791 0.937013 1.151721 1.674398 2.062466 2.558717 2.784838
0.267518 0.331708 0.541111 1.116547 1.411121 1.532868 1.792949 1.933520 2.248940 2.628644
0.084613 0.105083 0.297424 0.916949 1.256301 1.567029 1.885388 2.189875 2.522795 2.792102
0.205328 0.287223 0.724462 1.032395 1.457708 1.642169 1.925628 2.175524 2.429638 2.605488
0.232554 0.338724 0.502115 0.859975 1.044090 1.245652 1.806555 1.999641 2.261164 2.459984
0.291638 0.379172 0.626072 0.792796 0.959124 1.504886 1.734465 1.919612 2.614359 2.722709
0.191554 0.263114 0.426797 0.610628 1.077406 1.829543 2.021948 2.210572 2.427652 2.613828
0.389151 0.679476 0.915414 1.036635 1.250846 1.586610 2.040972 2.281500 2.567941 2.718815
0.203200 0.301280 0.470357 0.668716 0.851737 0.980327 1.570862 2.037617 2.289067 2.693877
0.304064 0.405934 0.710274 0.962705 1.128820 1.341667 1.635050 1.845382 2.079916 2.507510
0.171777 0.240705 0.409371 0.786432 1.223202 1.375689 1.691760 1.866080 2.350406 2.493942
0.231251 0.277994 0.557867 1.325822 1.660352 1.779477 2.007138 2.172322 2.440457 2.652308
0.188101 0.259494 0.412543 0.624843 0.839549 1.033700 1.634128 1.931944 2.246076 2.425773
0.361304 0.419465 0.795676 1.184605 1.296796 1.578447 1.841746 1.997361 2.540538 2.687139
0.274372 0.338938 0.492443 0.963516 1.509514 1.706378 1.869885 2.077166 2.261281 2.444183
0.415990 0.652103 1.031293 1.269551 1.572746 1.772975 2.004659 2.175272 2.430606 2.596553
0.242045 0.370942 0.534392 0.763529 1.001165 1.129764 1.682192 2.144644 2.324478 2.715697
0.377438 0.588168 0.765394 0.976873 1.356652 1.490088 1.737970 2.006774 2.213691 2.389973
0.191625 0.284123 0.405342 1.016777 1.432730 1.547592 1.813930 1.958317 2.470765 2.649257
0.272672 0.349555 0.633911 1.152234 1.303938 1.547640 1.919504 2.047696 2.562779 2.730575
0.168423 0.236330 0.421468 0.831345 1.083543 1.553448 1.880726 2.064701 2.370864 2.632945
0.219318 0.301481 0.513617 0.765086 1.026019 1.514647 2.048203 2.248568 2.499810 2.657069
0.232695 0.347947 0.495203 0.718830 1.423013 1.722493 1.879584 2.165044 2.420251 2.589658
0.270284 0.336865 0.684929 1.155789 1.690421 1.876744 2.027359 2.226178 2.446748 2.582000
0.149701 0.193747 0.352019 0.520123 0.823974 1.434753 1.686592 1.961148 2.370914 2.693067
0.254818 0.412303 0.601514 0.771438 1.175450 1.376569 1.539029 1.937039 2.408576 2.563621
0.233713 0.355886 0.593725 0.762880 1.271479 1.563900 1.797523 2.094688 2.538627 2.711734
0.179028 0.237103 0.396818 1.042021 1.633539 1.762676 2.123935 2.322391 2.588193 2.751345
0.182027 0.251039 0.434581 0.714302 0.950997 1.437895 1.813570 1.969103 2.145882 2.353968
0.501538 0.692148 0.848860 1.071308 1.350543 1.489476 1.841643 2.104284 2.341536 2.515294
0.274530 0.381470 0.526682 0.922143 1.444946 1.573605 1.858767 2.066747 2.284796 2.626819
0.360617 0.583131 0.979491 1.254083 1.488351 1.797557 2.219518 2.482176 2.742366 2.862025
0.140913 0.220301 0.619552 0.818307 1.052429 1.339972 1.830726 2.133953 2.536378 2.751128
0.293514 0.391691 0.790080 0.962740 1.160319 1.526602 1.805491 2.041462 2.361619 2.564962
0.199542 0.290571 0.452891 0.689515 1.258530 1.409879 1.886242 2.228126 2.465677 2.726646
0.296920 0.356356 0.784287 0.996540 1.146175 1.623865 1.815498 2.038297 2.600627 2.705700
0.206451 0.276025 0.537547 0.802572 1.220407 1.642060 1.863625 2.001978 2.215339 2.585384
0.333650 0.464751 0.653772 0.966306 1.103865 1.340203 1.784701 1.914591 2.470171 2.686916
0.181861 0.244870 0.376456 0.554383 1.329897 1.810440 2.047836 2.202318 2.660855 2.817057
0.450565 0.647291 0.951172 1.229431 1.519644 1.686812 2.049107 2.267169 2.501284 2.650596
0.219996 0.320591 0.427747 0.601183 0.753448 0.929578 1.741979 2.285789 2.472633 2.749566
0.333848 0.423373 0.658791 1.031299 1.222625 1.365771 1.901889 2.121101 2.290306 2.531185
0.166064 0.233902 0.383355 0.661806 1.226567 1.399684 1.771269 1.974537 2.173487 2.566344
0.189286 0.243602 0.390584 1.387930 1.588719 1.763237 2.091118 2.316314 2.593526 2.755080
0.158404 0.224878 0.385000 0.668463 0.942954 1.411967 1.700313 1.828069 2.059396 2.692546
0.325989 0.461263 0.851471 1.045709 1.284028 1.516199 1.797341 2.088387 2.437669 2.627215
0.223709 0.289190 0.632812 0.858738 1.541903 1.746766 1.935738 2.184816 2.404330 2.583013
0.545842 0.952420 1.340820 1.516838 1.838879 2.012890 2.244968 2.403170 2.592285 2.691119
0.238526 0.349079 0.494582 0.987665 1.170746 1.348229 1.468645 2.296964 2.644160 2.787381
0.270857 0.442003 0.655998 0.881913 1.259254 1.428358 1.769867 1.998528 2.395589 2.652840
0.154384 0.211806 0.489481 0.997257 1.249817 1.541232 1.778865 1.949397 2.319136 2.623391
0.268258 0.312888 0.589114 1.258625 1.572705 1.675430 1.912780 2.070458 2.279933 2.564230
0.170715 0.224965 0.374011 0.540197 1.161887 1.499072 1.925865 2.082569 2.246619 2.469724
0.324358 0.391989 0.706816 0.833614 1.015725 1.568995 1.735976 2.127068 2.558411 2.653871
0.178059 0.258575 0.374125 0.536831 1.334827 1.798628 1.986978 2.189252 2.432266 2.626696
0.198857 0.420955 0.817664 1.178363 1.466742 1.821295 2.207327 2.474411 2.738275 2.851185
0.188344 0.324302 0.470468 0.790033 0.934101 1.188722 1.887171 2.052833 2.448325 2.630236
0.201295 0.365646 0.526513 0.758388 1.140096 1.267331 1.650173 1.879342 2.102889 2.600286
0.135058 0.169428 0.307348 0.503160 1.018083 1.447946 1.810984 2.134002 2.480277 2.759846
0.178006 0.266610 0.390327 0.928681 1.501613 1.621327 1.871356 2.025864 2.580442 2.770801
0.246182 0.424290 0.644023 0.801168 1.114876 1.277757 1.503317 2.074888 2.295695 2.501380
0.322996 0.430355 0.631600 1.047698 1.221840 1.426726 1.903081 2.032223 2.516726 2.708452
0.292994 0.430599 0.619178 0.794567 1.283029 1.652817 1.840836 2.069946 2.385375 2.528246
0.525494 0.787797 1.121816 1.387482 1.674574 1.936221 2.224042 2.390624 2.634276 2.743234
0.299504 0.409196 0.602235 0.892336 1.056426 1.253766 1.489136 1.639876 2.427480 2.650368
0.423758 0.520480 0.758987 1.041257 1.173655 1.423676 1.818235 1.936407 2.363001 2.626644
0.155042 0.247496 0.641445 0.954509 1.224970 1.465850 1.837841 2.090456 2.451501 2.716155
0.251949 0.421094 0.706797 0.975659 1.259906 1.520067 1.816310 2.122017 2.474913 2.716671
0.215220 0.302248 0.730598 0.896343 1.145567 1.370192 1.700685 2.022563 2.283265 2.489220
0.285230 0.453559 0.663670 0.861526 1.011602 1.247419 1.655985 1.861291 2.578936 2.731333
0.162067 0.219409 0.373433 0.544669 1.103298 1.597178 1.921040 2.143402 2.406499 2.660484
0.342367 0.511499 0.931350 1.163219 1.393645 1.611146 1.972769 2.194416 2.470766 2.649264
0.251010 0.364125 0.560956 0.746545 1.019837 1.170725 1.532945 2.288671 2.577088 2.723074
0.315001 0.489412 0.720682 0.877607 1.090466 1.253848 1.448221 1.922954 2.255887 2.408634
0.174666 0.235793 0.387644 0.554402 1.231089 1.456137 1.688034 2.127450 2.367035 2.597270
0.215113 0.341915 1.043717 1.322751 1.495414 1.741895 1.961164 2.239824 2.544905 2.703945
0.219852 0.301770 0.513912 0.705474 0.877540 1.295896 1.699002 1.987057 2.287968 2.496966
0.290638 0.366442 0.655155 1.044990 1.172154 1.532536 1.800791 1.948931 2.509679 2.660055
0.232252 0.313770 0.658552 0.941977 1.463174 1.665488 1.862461 2.027843 2.534016 2.701236
0.326539 0.552681 1.121731 1.331381 1.520072 1.867084 2.082861 2.332474 2.606039 2.737092
0.190254 0.340428 0.492777 0.739738 0.895461 1.079371 1.643156 1.795290 2.491822 2.729382
0.283586 0.418440 0.587306 0.870866 1.418553 1.577030 1.799498 2.069398 2.274484 2.438103
0.235752 0.357650 0.502891 1.012434 1.258853 1.407789 1.820057 1.955830 2.505903 2.734330
0.278412 0.343137 0.849977 1.232895 1.350504 1.590626 1.787519 2.091578 2.541360 2.663856
0.162966 0.243159 0.439238 0.684821 0.887783 1.462899 1.881739 2.044253 2.289393 2.705002
0.235063 0.371799 0.578210 0.752199 1.008546 1.476284 1.804912 2.271399 2.655042 2.789653
0.154939 0.223696 0.344718 0.667555 1.495659 1.669436 2.069883 2.307215 2.627692 2.811343
0.239702 0.335917 0.716616 1.131805 1.452514 1.639133 2.105515 2.279822 2.502030 2.669220
0.226818 0.331261 0.472705 0.651974 0.781639 1.219798 1.822904 2.082732 2.439327 2.610900
0.223413 0.359594 0.534704 0.741518 1.225894 1.389874 1.618191 2.009911 2.207000 2.459844
0.171308 0.268378 0.383799 0.858926 1.376293 1.519165 1.780601 1.922915 2.623094 2.802402
0.140134 0.212320 0.443224 0.967457 1.264241 1.562153 1.929148 2.217388 2.668341 2.830751
0.221323 0.322124 0.485563 0.818589 1.011837 1.198984 1.423616 1.669403 2.157523 2.363190
0.369687 0.525655 0.719213 0.939654 1.137631 1.312217 1.599935 1.826813 2.355221 2.580680
0.211975 0.314411 0.489148 0.739213 1.377801 1.554504 1.824373 2.158875 2.352992 2.722621
0.170698 0.296368 0.934285 1.243133 1.555900 1.866544 2.159940 2.363436 2.585032 2.738530
0.189263 0.305887 0.439912 0.784610 1.227264 1.342508 1.587650 1.754907 2.439893 2.721315
0.296339 0.385169 0.612012 1.081322 1.276361 1.437178 1.871470 2.001718 2.339094 2.640217
0.229588 0.320544 0.517278 0.969137 1.142560 1.626089 1.877916 2.115461 2.546741 2.708025
0.248869 0.420193 0.732388 1.049015 1.303410 1.601458 1.949210 2.239464 2.648223 2.822614
0.207600 0.292320 0.496539 0.857149 1.182294 1.399849 1.714165 1.868238 2.027936 2.200737
0.225558 0.396897 0.541783 0.873366 1.178972 1.299579 1.677191 1.849602 2.330475 2.752717
0.176821 0.231377 0.372767 0.508565 1.152819 1.808050 2.112679 2.250073 2.571342 2.748550
0.352149 0.515765 1.023238 1.260221 1.443565 1.622067 1.872804 2.100177 2.489280 2.671043
0.166138 0.263444 0.370151 0.590066 0.754819 0.940533 1.761870 1.946611 2.445015 2.758191
0.342082 0.476411 0.656223 0.851774 1.003992 1.153372 1.694401 2.065625 2.255642 2.440148
0.227237 0.376514 0.514329 0.894887 1.141673 1.283052 1.831377 1.985902 2.334470 2.784878
0.215891 0.269548 0.684111 1.405658 1.674813 1.800925 2.172085 2.339395 2.591569 2.730100
0.236240 0.400377 0.533684 0.750343 0.910405 1.089112 1.737729 1.912807 2.192519 2.688733
0.169242 0.284879 0.916252 1.169769 1.433683 1.644376 1.919124 2.161625 2.482664 2.682591
0.270731 0.336506 0.477594 1.042714 1.605840 1.796859 1.945909 2.160039 2.354913 2.520950
0.420586 0.652563 1.117162 1.406006 1.747537 1.947424 2.203094 2.359970 2.547902 2.682168
0.281552 0.395037 0.640181 0.944531 1.193959 1.330492 1.718657 2.188389 2.444591 2.578673
0.311824 0.476892 0.633431 0.845825 1.332518 1.491656 1.693614 2.041082 2.289317 2.439399
0.133945 0.200790 0.647237 0.927687 1.188883 1.369658 1.699557 1.972777 2.295259 2.678185
0.204796 0.278215 0.443465 1.270484 1.405209 1.640920 1.824252 2.327085 2.599637 2.772533
0.183970 0.244116 0.410594 0.639103 1.221589 1.404867 1.628358 1.902439 2.168632 2.306804
0.343622 0.434735 0.666599 0.868069 1.048942 1.532778 1.819835 1.971884 2.288701 2.448745
0.238017 0.320361 0.657255 0.917611 1.303306 1.727361 1.988909 2.181455 2.442965 2.613322
0.323613 0.545056 0.930173 1.226059 1.440181 1.772300 2.056890 2.347811 2.689382 2.820616
0.288930 0.401387 0.617124 0.836453 0.990306 1.261227 1.913283 2.110049 2.324584 2.557162
0.332670 0.480804 0.656147 0.880536 1.029566 1.230493 1.769063 1.932296 2.200370 2.585210
0.185551 0.265352 0.409432 0.608847 1.034698 1.222821 1.876965 2.171647 2.403502 2.666441
0.155026 0.223348 0.401684 1.079141 1.415789 1.620021 2.045515 2.258512 2.631625 2.802291
0.183461 0.263081 0.425694 0.635685 1.188664 1.357556 1.574991 2.085982 2.288725 2.511108
0.314738 0.463011 0.648733 0.877651 1.002890 1.265811 2.005414 2.198095 2.481535 2.714178
0.244411 0.318444 0.546578 0.793615 1.326150 1.735479 1.945598 2.114662 2.315350 2.478535
0.326237 0.543540 0.987361 1.304413 1.684932 1.902147 2.207172 2.374273 2.557527 2.716216
0.157795 0.283302 0.430398 0.660379 0.811060 1.142539 1.479298 1.718714 2.670264 2.847556
0.220856 0.283872 0.779935 1.074940 1.312211 1.626329 1.837609 1.968885 2.155988 2.602381
0.140763 0.205719 0.406561 0.762459 1.041266 1.486993 1.838306 2.114606 2.552810 2.772285
0.140451 0.395920 0.792110 1.108001 1.402642 1.623079 1.943151 2.227952 2.546163 2.773998
0.229862 0.336462 0.546590 0.810150 1.201906 1.346787 1.825323 2.092925 2.285730 2.473359
0.224913 0.328246 0.517269 0.874793 1.012587 1.452178 1.695778 2.014930 2.511447 2.672574
0.247745 0.335741 0.546558 0.710177 1.170556 1.727789 1.970678 2.158532 2.482819 2.628913
0.398252 0.555087 0.890367 1.121205 1.381533 1.601228 1.866647 2.066612 2.405164 2.588016
0.198563 0.288867 0.478054 0.658477 0.851841 1.027105 1.539739 2.021106 2.579462 2.784184
0.304271 0.371642 0.661590 1.068976 1.224249 1.411927 1.680524 1.869770 2.100073 2.308554
0.188223 0.257939 0.432402 0.735050 1.318038 1.485528 1.828110 2.046435 2.307018 2.457237
0.246723 0.297276 0.604475 1.310901 1.570442 1.688851 1.913658 2.051334 2.556011 2.714965
0.158309 0.234509 0.435792 0.667900 0.957567 1.235918 1.592945 1.818158 2.307389 2.768973
0.419843 0.501412 0.766892 1.073173 1.189374 1.480225 1.766597 1.922151 2.537937 2.694771
0.275140 0.335563 0.678421 1.081521 1.592379 1.772635 1.931245 2.140699 2.333804 2.490857
0.372056 0.856814 1.239538 1.409989 1.690297 1.863018 2.072702 2.273547 2.532657 2.690517
0.321254 0.422981 0.604856 0.793437 0.912112 1.128454 1.795979 2.173232 2.360146 2.536137
0.395214 0.598779 0.771997 0.946713 1.213777 1.330433 1.660335 1.977154 2.165056 2.344018
0.225286 0.317828 0.464801 1.112329 1.369512 1.511999 1.921954 2.053407 2.593519 2.777285
0.330612 0.407807 0.730129 1.259731 1.459811 1.605671 1.981307 2.137009 2.465971 2.679722
0.213145 0.305305 0.507016 0.662299 1.056848 1.479862 1.671904 2.102707 2.369871 2.581994
0.219658 0.296096 0.443507 0.610973 0.799691 1.676579 1.965487 2.153235 2.502228 2.692999
0.174947 0.257739 0.373547 0.552567 1.405316 1.614249 1.848917 2.117795 2.317884 2.711904
0.209667 0.297529 0.756195 1.095304 1.564196 1.844775 2.103697 2.292657 2.520051 2.679489
0.170138 0.240310 0.452247 0.684414 0.880102 1.366921 1.741648 2.131295 2.505730 2.732611
0.278164 0.468635 0.707518 0.853693 1.054780 1.210458 1.540941 2.174562 2.410662 2.612138
0.155738 0.238890 0.352836 0.621012 1.441438 1.619698 1.825165 1.975331 2.525373 2.748574
0.223776 0.274424 0.479048 0.797871 1.694190 1.878135 2.135285 2.373726 2.595422 2.729787
0.151088 0.198286 0.326558 0.536276 0.845893 1.141653 1.460565 1.762868 2.025851 2.177303
0.434445 0.614208 0.887657 1.028446 1.191359 1.392204 1.786886 2.062481 2.423405 2.619356
0.180755 0.275311 0.397787 0.859366 1.409762 1.523325 1.908846 2.082319 2.389720 2.743887
0.275975 0.508416 0.889894 1.318925 1.633314 1.904728 2.169012 2.374655 2.726973 2.847666
0.156239 0.262624 0.406657 0.739074 1.044495 1.201234 1.810887 2.005600 2.581700 2.804889
0.195391 0.258771 0.654924 0.824371 1.315259 1.500728 1.765938 2.063992 2.341176 2.513659
0.178034 0.301047 0.463020 0.716172 1.198868 1.340454 1.834558 2.022132 2.400750 2.776294
0.340368 0.404236 0.843747 1.039238 1.202107 1.708051 1.914952 2.169509 2.521521 2.623348
0.218465 0.289694 0.528045 0.817051 1.132337 1.580464 1.838891 1.983392 2.147493 2.348131
0.322509 0.458058 0.654679 0.958976 1.118211 1.321565 1.901390 2.046409 2.360931 2.664215
0.191821 0.252321 0.389176 0.581111 1.529667 1.931689 2.083614 2.270465 2.566855 2.713879
0.493961 0.710827 0.982260 1.196274 1.419327 1.620910 1.928015 2.145652 2.429769 2.601973
0.213148 0.311589 0.424636 0.602664 0.736895 1.022165 1.992278 2.218533 2.611628 2.850324
0.288129 0.434441 0.629313 0.856153 1.289667 1.424520 1.875795 2.150240 2.351814 2.536843
0.160031 0.230716 0.406654 0.870424 1.156517 1.392317 1.804098 1.951437 2.210479 2.735164
0.229340 0.293962 0.503222 1.242097 1.475824 1.624647 1.998680 2.144499 2.578549 2.753270
0.158770 0.220035 0.363386 0.577761 0.963090 1.174939 1.738169 1.979202 2.162436 2.661916
0.346062 0.444816 0.716985 1.180717 1.370580 1.522996 1.892173 2.066682 2.395796 2.627659
0.307495 0.389330 0.612607 0.969283 1.557708 1.839939 1.996737 2.172382 2.420627 2.539195
0.437804 0.726957 1.291168 1.503297 1.765428 1.962121 2.163647 2.336227 2.579616 2.708524
0.232184 0.333678 0.528368 0.706749 1.203280 1.379018 1.611161 2.154678 2.592903 2.750319
0.272652 0.461710 0.625777 0.839609 1.342021 1.496726 1.715376 2.137572 2.370040 2.597390
0.184908 0.302324 0.454883 0.880307 1.104383 1.292526 1.777203 1.943364 2.444174 2.622726
0.265644 0.341261 0.553228 1.139475 1.427148 1.560441 1.933941 2.084129 2.393307 2.654135
0.167920 0.207301 0.370331 0.525538 1.030891 1.368163 1.782474 2.062404 2.332762 2.526299
0.343172 0.433912 0.717501 0.889734 1.052060 1.695278 2.053156 2.208456 2.608869 2.718320
0.216527 0.305247 0.445890 0.729271 1.639736 1.903284 2.053351 2.221254 2.432253 2.568018
0.110545 0.209955 0.844788 1.174205 1.492201 1.810243 2.177274 2.440496 2.697294 2.835232
0.217384 0.337412 0.488999 0.761842 0.879715 1.209528 1.970747 2.120795 2.611654 2.791762
0.190459 0.296484 0.469967 0.800649 1.105561 1.278527 1.516938 1.693066 2.114420 2.716739
0.134814 0.175978 0.300425 0.496817 1.244295 1.485308 1.861721 2.131233 2.485046 2.773884
0.210174 0.278266 0.435508 0.927538 1.606908 1.753898 1.957554 2.166283 2.398518 2.749609
0.213766 0.315300 0.509924 0.709930 0.964724 1.106776 1.382615 2.001070 2.323214 2.565314
0.400615 0.524954 0.798552 1.012852 1.135488 1.474850 1.989029 2.130909 2.507971 2.679460
0.249400 0.377023 0.519635 0.754227 1.459559 1.642762 1.828961 2.077882 2.298228 2.467534
0.473365 0.683973 1.052341 1.375830 1.548106 1.747589 2.139299 2.318768 2.609977 2.739255
0.203877 0.341791 0.485180 0.884069 1.097592 1.269532 1.479924 1.757879 2.648399 2.822387
0.273046 0.404254 0.555403 0.954547 1.291233 1.399022 1.722890 1.903441 2.171984 2.645312
0.040369 0.117266 0.617136 0.892043 1.260331 1.541653 1.859383 2.153096 2.498232 2.761886
0.132414 0.211358 0.742445 1.066857 1.331084 1.570793 1.867458 2.132535 2.479624 2.731076
0.237329 0.326529 0.612538 0.790663 0.990133 1.413736 1.738235 1.936914 2.167728 2.451626
0.273960 0.405794 0.572530 0.933672 1.057816 1.397952 1.856531 1.997548 2.599486 2.760042
0.199334 0.298380 0.442931 0.628638 1.303213 1.640138 1.804023 2.113020 2.375455 2.548946
0.350188 0.502010 0.821298 1.038639 1.369294 1.592404 1.910815 2.156486 2.460508 2.653260
0.281558 0.399892 0.573105 0.753299 0.900613 1.054574 1.581987 2.178437 2.430354 2.616044
0.344653 0.543532 0.703715 0.862285 1.198215 1.338208 1.579080 2.060769 2.306749 2.485749
0.220701 0.326795 0.520618 0.755133 1.295552 1.451886 1.690502 2.200045 2.414271 2.615909
0.279478 0.332193 0.801527 1.345966 1.487477 1.678499 1.922202 2.100025 2.585571 2.713387
0.163502 0.212169 0.365096 0.525464 0.869846 1.208807 1.793988 2.040314 2.297180 2.469797
0.285531 0.341488 0.754059 1.170016 1.300835 1.513696 1.699861 1.889918 2.581459 2.706874
0.249595 0.366997 0.626427 0.945219 1.407043 1.560558 1.831657 2.231149 2.466354 2.654518
0.271671 0.443136 1.156412 1.406456 1.676521 1.856481 2.063218 2.230498 2.475840 2.639575
0.286620 0.427806 0.637320 0.803409 0.996161 1.266383 1.681751 2.003968 2.394651 2.588547
0.314906 0.440519 0.612129 0.896126 1.472415 1.717693 1.881351 2.099437 2.369166 2.495466
0.170277 0.251270 0.405477 0.915641 1.126887 1.436630 1.714771 1.893198 2.552995 2.738519
0.279410 0.337137 0.734563 1.281046 1.480602 1.611880 1.853215 1.994883 2.416054 2.654827
0.165776 0.226083 0.417544 0.744574 1.044468 1.534891 1.808494 1.944946 2.138491 2.601790
0.264579 0.336652 0.542033 0.710190 0.913338 1.655751 1.817762 2.231956 2.524436 2.658519
0.158194 0.235588 0.338347 0.541657 1.583377 1.766293 2.009135 2.243336 2.503941 2.775158
0.332612 0.509620 0.822935 1.075876 1.454286 1.650788 1.974450 2.251279 2.537342 2.745115
0.262817 0.359709 0.520893 0.707667 0.818364 1.438849 1.971249 2.087666 2.497014 2.646442
0.233200 0.399599 0.612456 0.775547 1.199192 1.355765 1.646901 2.136245 2.342490 2.695742
0.149687 0.238538 0.372248 0.634520 1.255813 1.433790 1.770041 1.928752 2.611905 2.824930
0.137016 0.210297 0.591489 1.125451 1.375648 1.685296 2.089612 2.390888 2.704458 2.844434
0.213490 0.341024 0.541716 0.750061 1.088199 1.244576 1.555338 1.965568 2.187900 2.383714
0.300159 0.489291 0.825022 1.037100 1.194088 1.347375 1.684747 2.024936 2.465611 2.740973
0.170029 0.255033 0.392758 0.727117 1.382065 1.579676 1.800912 1.959072 2.282335 2.728796
0.175883 0.365509 1.112175 1.385866 1.720391 1.977810 2.245295 2.421614 2.629567 2.754004
0.162590 0.248164 0.454630 0.763209 0.966031 1.282338 1.730743 1.938052 2.479376 2.667563
0.258043 0.345866 0.556520 0.981312 1.361528 1.482377 1.872244 2.158226 2.362269 2.555030
0.234139 0.348843 0.528234 0.987884 1.195217 1.422145 1.960028 2.127365 2.603321 2.793004
0.179699 0.559209 0.867682 1.088835 1.316888 1.571498 1.922198 2.197391 2.501118 2.728679
0.216784 0.310791 0.487492 0.932903 1.201954 1.366554 1.800398 1.977499 2.174265 2.537065
0.186878 0.400655 0.580952 0.846287 1.103872 1.266778 1.842772 2.019592 2.488005 2.717222
0.164641 0.248712 0.389358 0.772822 1.212561 1.369916 2.025869 2.277615 2.617524 2.809527
0.351899 0.520326 0.926597 1.219651 1.509839 1.676837 1.921744 2.111253 2.356380 2.545934
0.242182 0.365285 0.506156 0.716020 0.865221 1.011688 1.786917 2.122981 2.350877 2.767729
0.413776 0.559566 0.735800 0.928997 1.079117 1.267179 1.880069 2.152492 2.324834 2.539856
0.210597 0.329568 0.469735 0.788590 1.215495 1.319810 1.711456 2.058991 2.245438 2.653727
0.197937 0.254148 0.477985 1.227090 1.629920 1.767432 2.186975 2.385104 2.594869 2.725544
0.205489 0.333855 0.523915 0.706275 1.102152 1.246608 1.648901 2.026835 2.281695 2.759313
0.230328 0.322431 0.861834 1.145614 1.347211 1.576111 1.807275 2.004824 2.354365 2.572251
0.224898 0.282022 0.506636 1.152298 1.626560 1.752095 2.028178 2.218821 2.488955 2.670460
0.313732 0.625469 1.164472 1.499077 1.749612 2.018528 2.262230 2.429601 2.692165 2.822502
0.375623 0.575307 0.791200 0.935770 1.096937 1.343393 1.807992 2.187306 2.519720 2.694803
0.236981 0.332412 0.479270 0.844461 1.347641 1.490733 1.683942 2.039143 2.297619 2.458431
0.129047 0.206250 0.636751 0.865101 1.136893 1.356610 1.704798 1.916685 2.518358 2.756320
0.195171 0.266517 0.414793 1.239561 1.452906 1.608357 1.833045 2.047802 2.473522 2.621994
0.165853 0.212720 0.372757 0.536136 1.013938 1.339627 1.555122 1.945745 2.236281 2.440949
0.256981 0.368868 0.635878 0.802543 1.084757 1.439120 1.814729 2.120519 2.458154 2.621456
0.214382 0.297135 0.445091 0.702050 1.365102 1.851262 2.067026 2.207298 2.470728 2.612432
0.340710 0.532103 0.935278 1.171022 1.377886 1.638598 1.965274 2.246164 2.631266 2.806341
0.310524 0.412051 0.582478 0.768755 0.871594 1.119854 1.926346 2.207508 2.407091 2.636633
0.249349 0.443517 0.631532 0.810096 1.205129 1.357206 1.607396 1.984157 2.208016 2.645111
0.143090 0.185312 0.325214 0.504000 1.134467 1.327913 1.673654 2.006903 2.389284 2.746094
0.226575 0.298946 0.453938 0.998061 1.394600 1.597283 2.064183 2.223246 2.425469 2.569458
0.183924 0.255181 0.415834 0.624247 1.042338 1.203077 1.555240 2.125309 2.400352 2.661916
0.275610 0.365968 0.654909 0.990108 1.170799 1.455333 2.077561 2.252672 2.502315 2.685945
0.204334 0.287844 0.394810 0.761295 1.501200 1.784709 1.935569 2.152830 2.349263 2.545639
0.342976 0.527539 0.917466 1.160585 1.499531 1.761830 2.095272 2.301872 2.540570 2.694692
0.202374 0.333367 0.480179 0.708677 0.819505 1.105285 1.806641 1.953348 2.610844 2.797497
0.307033 0.368471 0.602486 1.108611 1.413347 1.528636 1.798519 1.986138 2.169052 2.437256
0.144073 0.196932 0.386988 0.819061 1.289767 1.625073 1.901924 2.136105 2.483019 2.707970
0.176760 0.268627 0.662082 1.056866 1.547973 1.711386 1.972939 2.249909 2.544471 2.761094
0.191409 0.292985 0.492193 0.800526 1.041836 1.278546 1.836626 2.028677 2.249387 2.627785
0.324102 0.399146 0.687435 0.868704 1.022957 1.582084 1.853847 1.981885 2.554914 2.677057
0.229172 0.302836 0.481418 0.704363 0.967567 1.828269 2.097295 2.258467 2.549112 2.704652
0.467124 0.696788 0.939500 1.094987 1.277543 1.488496 1.896279 2.158470 2.474182 2.659994
0.175418 0.234039 0.367674 0.513586 0.747619 1.008405 1.583161 2.053114 2.363292 2.681153
0.410273 0.561949 0.736215 0.956685 1.135688 1.288424 1.750612 1.937714 2.151318 2.489336
0.204541 0.277613 0.529607 0.722971 1.199975 1.447336 1.715634 1.921054 2.357781 2.507488
0.253116 0.311907 0.696982 1.320082 1.575418 1.705324 2.005068 2.168666 2.461879 2.665053
0.163657 0.237902 0.393374 0.609490 0.854272 1.089980 1.526387 1.842337 2.126252 2.679051
0.448627 0.530664 0.812719 1.095201 1.207641 1.575411 1.884209 2.034297 2.553007 2.688355
0.262717 0.338748 0.512685 1.003543 1.480178 1.622083 1.828518 2.142415 2.356457 2.511530
0.417111 0.636688 1.036571 1.319877 1.679924 1.873389 2.073722 2.249396 2.507732 2.651054
0.263698 0.461151 0.618737 0.830471 1.004041 1.158874 1.801566 2.020222 2.306558 2.743041
0.387779 0.575108 0.729791 0.932981 1.361163 1.505161 1.751183 2.068466 2.338260 2.487637
0.181510 0.265666 0.454631 1.082382 1.287303 1.579202 1.851178 2.096963 2.467237 2.646930
0.277668 0.345119 0.602341 1.179200 1.378990 1.545625 1.813861 1.962590 2.491799 2.664453
0.179320 0.248080 0.456925 0.722589 1.126932 1.579450 1.799397 1.950668 2.484125 2.707238
0.314322 0.381145 0.608651 0.727613 0.890472 1.610280 2.136172 2.258358 2.596376 2.709780
0.189539 0.266068 0.419729 0.651693 1.410161 1.643106 1.854810 2.275582 2.492054 2.722009
0.254466 0.313038 0.594149 1.012536 1.688813 1.935465 2.119184 2.287869 2.535543 2.667926
0.134691 0.171906 0.302740 0.492936 0.899551 1.229188 1.733940 2.012878 2.446339 2.742762
0.231556 0.365068 0.680761 0.889142 1.111338 1.295904 1.542636 1.971784 2.427562 2.631912
0.222525 0.305606 0.527193 0.687519 1.181381 1.671764 1.863683 2.072023 2.634517 2.779272
0.178770 0.237415 0.375160 0.856692 1.673680 1.813743 2.016791 2.272421 2.522601 2.735959
0.193532 0.268731 0.451328 0.753471 0.984854 1.285349 1.685647 1.884123 2.091677 2.243418
0.476037 0.651610 0.801054 1.010162 1.241374 1.355840 1.775976 2.086152 2.272907 2.454351
0.211657 0.308331 0.421366 0.865966 1.418774 1.556743 1.786149 2.020332 2.198585 2.631981
0.203789 0.490794 1.010137 1.275006 1.472213 1.810140 2.170639 2.437660 2.662122 2.788061
0.174355 0.252095 0.674715 0.842194 1.055087 1.278000 1.698680 2.070561 2.399385 2.657430
0.245109 0.324049 0.628822 0.927910 1.123601 1.580066 1.878640 2.054601 2.358721 2.546838
0.182644 0.253804 0.386248 0.614056 1.364821 1.545877 2.040174 2.218827 2.419010 2.624609
0.295605 0.367794 0.690701 1.055162 1.186600 1.644453 1.944154 2.101444 2.562120 2.691268
0.220878 0.289573 0.640307 0.822072 1.144055 1.567797 1.766410 1.908109 2.103459 2.560489
0.403453 0.526298 0.732204 0.901150 1.035869 1.339383 1.783990 1.941961 2.371032 2.626653
0.212825 0.258570 0.471588 0.685549 1.263740 1.821051 2.163822 2.288398 2.628063 2.788155
0.401181 0.642053 1.032473 1.236110 1.444450 1.686678 2.006722 2.228515 2.572112 2.723964
0.239433 0.341091 0.492629 0.707630 0.881426 1.030816 1.719255 2.344056 2.579063 2.756942
0.294093 0.382770 0.577412 1.009281 1.313036 1.419303 1.744673 2.094230 2.289039 2.475843
0.169805 0.236922 0.403314 0.638995 1.176446 1.352145 1.665573 1.909756 2.150120 2.716243
0.210447 0.277913 0.452474 1.402686 1.513430 1.720944 1.903938 2.278499 2.583756 2.743179
0.159574 0.225382 0.374008 0.714137 1.011253 1.371713 1.699162 1.871587 2.027056 2.491194
0.258602 0.557253 0.819720 1.038856 1.301470 1.445358 1.830613 2.098171 2.320809 2.541075
0.232756 0.282242 0.631974 0.898694 1.537444 1.869217 2.063967 2.234463 2.498226 2.633517
0.580133 0.997946 1.320956 1.481874 1.731605 1.898579 2.120712 2.290128 2.530088 2.651657
0.211840 0.307093 0.453360 0.945579 1.250815 1.490290 1.724135 2.281097 2.562699 2.752602
0.314276 0.493555 0.667782 0.896500 1.323006 1.482618 1.667487 1.974415 2.427345 2.555679
0.182455 0.261592 0.418011 1.050927 1.261387 1.443370 1.665467 1.939030 2.444695 2.638451
0.241570 0.306934 0.491293 1.105950 1.554827 1.666520 1.923917 2.087652 2.367600 2.654889
0.190084 0.254850 0.454062 0.724519 1.083362 1.393887 1.892335 2.088856 2.321764 2.484299
0.306497 0.389831 0.721793 0.839714 1.124754 1.652401 1.822919 2.273310 2.569195 2.669599
0.186200 0.273460 0.383201 0.564758 1.511073 1.845018 1.998284 2.194096 2.388693 2.587923
0.300722 0.478218 0.823364 1.127490 1.591141 1.871349 2.174720 2.403181 2.624785 2.782405
0.228884 0.358342 0.504622 0.795874 1.005622 1.152613 1.908053 2.124794 2.372473 2.797584
0.171885 0.248234 0.432842 0.833143 1.040892 1.269289 1.661635 1.918629 2.158962 2.653403
0.140943 0.193684 0.343025 0.562303 1.069552 1.543330 1.824473 1.961637 2.463513 2.770537
0.173053 0.245656 0.360656 0.960618 1.589535 1.689906 1.984141 2.142998 2.588389 2.759403
0.240180 0.429951 0.637440 0.786596 1.069147 1.226573 1.470883 1.952052 2.195064 2.615973
0.367862 0.471897 0.730834 1.082320 1.226293 1.462927 1.928169 2.052466 2.406737 2.662458
0.247175 0.358209 0.535946 0.781876 1.363697 1.635239 1.807233 1.993776 2.452769 2.601039
0.445578 0.687898 1.114108 1.301027 1.577397 1.886042 2.224903 2.436534 2.659695 2.761031
0.214389 0.336025 0.487794 0.759534 0.970518 1.141100 1.457335 1.624644 2.306922 2.715265
0.377300 0.466775 0.716121 1.083781 1.256543 1.411238 1.789433 1.936372 2.205572 2.562355
0.148362 0.214593 0.545023 0.840437 1.193325 1.480659 1.791868 2.083419 2.410537 2.676129
0.150403 0.278398 0.792676 0.976680 1.218845 1.405245 1.775056 2.162458 2.547861 2.746383
0.236301 0.328633 0.630867 0.839915 1.042349 1.298870 1.627752 1.839491 2.298928 2.493962
0.337889 0.497920 0.711277 0.850420 0.992027 1.246884 1.710746 2.086682 2.527158 2.707162
0.172215 0.236540 0.372897 0.525146 1.182577 1.735727 1.927035 2.114619 2.319170 2.542782
0.415304 0.624807 0.906616 1.117841 1.446155 1.669417 1.948413 2.172815 2.504530 2.670754
0.265417 0.407241 0.613894 0.816534 0.980063 1.156061 1.756747 2.274851 2.497193 2.712242
0.276440 0.468209 0.649518 0.816686 1.195171 1.355517 1.549226 1.935272 2.217871 2.426979
0.188925 0.277012 0.412665 0.672627 1.354807 1.514523 1.699988 2.144554 2.382186 2.586077
0.242630 0.352485 0.912974 1.343781 1.604428 1.801867 2.014791 2.193072 2.460809 2.631999
0.190903 0.285841 0.449070 0.760328 0.954285 1.182936 1.692638 1.878163 2.276840 2.465963
0.220659 0.300374 0.721694 0.947306 1.298330 1.562980 1.760618 1.888247 2.506445 2.689675
0.213168 0.290928 0.695227 0.918179 1.378186 1.631987 1.847886 2.003072 2.358358 2.619347
0.328586 0.517244 0.937320 1.376238 1.574840 1.764347 2.058630 2.224334 2.584444 2.756653
0.248486 0.367007 0.562147 0.750632 0.902785 1.147563 1.637415 1.912062 2.413993 2.605696
0.310691 0.477895 0.670796 0.940507 1.418293 1.563497 1.805141 2.114076 2.376358 2.535155
0.256555 0.414210 0.559427 0.981289 1.191646 1.378307 1.678398 1.849306 2.576704 2.756630
0.291424 0.335003 0.750149 1.289655 1.437209 1.599989 1.803177 1.967415 2.601748 2.733761
0.195254 0.279513 0.451755 0.649111 0.828694 1.609509 1.914906 2.091219 2.319589 2.534899
0.222304 0.332624 0.475678 0.685205 1.030332 1.737223 1.920979 2.378290 2.706719 2.817726
0.164833 0.240093 0.359862 0.801929 1.513677 1.641713 2.040524 2.248843 2.488659 2.714025
0.214777 0.287322 0.572644 1.145070 1.367112 1.752687 2.042424 2.222067 2.543047 2.697885
0.226099 0.330382 0.474439 0.687757 0.799187 1.319837 1.944566 2.078099 2.367800 2.508460
0.244540 0.392163 0.553692 0.729765 1.247865 1.448376 1.617590 2.074636 2.340052 2.518064
0.175381 0.314231 0.446023 0.797404 1.328458 1.439727 1.793346 1.939571 2.468800 2.721651
0.205808 0.293670 0.452447 1.074268 1.288235 1.655635 1.857504 2.364687 2.639812 2.798144
0.253926 0.392653 0.587584 0.800134 0.976310 1.185587 1.570687 1.821414 2.090893 2.349021
0.322461 0.410912 0.723569 1.060644 1.201524 1.400360 1.579189 1.788759 2.460242 2.616602
0.211266 0.304981 0.436011 0.771978 1.490623 1.677748 1.886227 2.113497 2.326353 2.727265
0.235012 0.406911 0.864785 1.291485 1.708295 1.938554 2.179896 2.352404 2.563792 2.711446
0.176814 0.268620 0.445837 0.823113 1.029776 1.271571 1.623388 1.811215 2.402140 2.614165
0.241865 0.339268 0.507509 1.003677 1.204347 1.372561 1.940795 2.101371 2.385606 2.669975
0.230878 0.334743 0.500370 0.879929 1.021894 1.533770 1.970789 2.128971 2.567262 2.717288
0.297505 0.451574 0.748848 0.988527 1.366237 1.606668 1.894660 2.174481 2.521427 2.759168
0.199265 0.271145 0.498160 0.854679 1.172103 1.364148 1.762079 1.969095 2.173538 2.311630
0.222173 0.424864 0.564942 0.829809 1.038172 1.194055 1.720601 1.858086 2.431760 2.741461
0.181961 0.226819 0.390513 0.556339 1.056596 1.553065 2.128349 2.258018 2.602497 2.802121
0.357600 0.565047 1.153012 1.350312 1.533576 1.718542 1.957892 2.175347 2.505650 2.678495
0.162257 0.236808 0.374039 0.570569 0.748034 1.172262 1.823392 2.053032 2.513769 2.772072
0.305794 0.465870 0.645121 0.882650 1.141294 1.266856 1.701581 2.002881 2.184124 2.411254
0.231652 0.380738 0.549642 0.837410 1.225266 1.332971 1.851582 2.119371 2.315077 2.732108
0.235449 0.286771 0.684809 1.346663 1.526630 1.703476 2.101486 2.254546 2.577181 2.718994
0.233870 0.446515 0.605080 0.814654 1.054963 1.178801 1.633158 1.849743 2.139379 2.732772
0.271706 0.335152 0.857227 1.253741 1.387189 1.702170 1.896767 2.191114 2.479999 2.601359
0.237386 0.314549 0.438339 0.912164 1.577764 1.877791 2.032790 2.197037 2.412322 2.536484
0.361168 0.574093 1.023843 1.468517 1.690562 1.917374 2.187368 2.334035 2.669095 2.806291
0.278480 0.398742 0.573342 0.839212 1.073888 1.222093 1.691681 2.165258 2.377410 2.536882
0.286018 0.447947 0.615060 0.849446 1.319465 1.463583 1.769948 2.001035 2.189431 2.450384
0.219440 0.301601 0.668534 0.861094 1.210001 1.498673 1.745120 1.877765 2.314377 2.619597
0.223591 0.352153 0.598841 1.217893 1.359082 1.591744 1.771089 2.213856 2.561538 2.735416
0.176857 0.236601 0.395107 0.634632 1.133495 1.335116 1.770374 1.981313 2.206556 2.339716
0.334735 0.402265 0.659168 0.781639 0.975228 1.664999 1.872069 2.047533 2.476961 2.573979
0.215968 0.284755 0.524241 0.781460 1.334811 1.772379 1.953878 2.194209 2.578250 2.741939
0.298193 0.489879 0.812985 1.183691 1.496418 1.679975 2.108792 2.316557 2.673779 2.851610
0.312989 0.415446 0.618011 0.899096 1.083683 1.263384 1.887396 2.243064 2.419448 2.570481
0.244471 0.431115 0.601512 0.813139 1.102163 1.221061 1.692440 2.033163 2.221795 2.619838
0.150949 0.219060 0.349217 0.611327 1.077112 1.250547 1.915518 2.083980 2.449999 2.792543
0.161611 0.218964 0.445377 0.927863 1.451151 1.768464 2.130012 2.366724 2.666003 2.814049
0.196000 0.297256 0.497266 0.691900 1.089877 1.273685 1.513723 2.006472 2.273782 2.572221
0.335268 0.460795 0.685187 0.867664 1.013807 1.479554 2.011994 2.168476 2.572643 2.717564
0.257604 0.340872 0.499757 0.843052 1.396548 1.831688 2.034226 2.170332 2.422618 2.540496
0.417663 0.631718 0.955424 1.197319 1.659797 1.879883 2.168797 2.359053 2.578087 2.698249
0.162052 0.251583 0.439900 0.660911 0.903902 1.320296 1.624758 1.778577 2.530531 2.799705
0.256861 0.322803 0.685370 1.086437 1.263276 1.569879 1.851654 2.014946 2.264711 2.447006
0.125192 0.176171 0.336135 0.781600 1.200220 1.439966 1.805419 2.077525 2.462470 2.738186
0.102286 0.191322 0.774556 1.076151 1.369456 1.627146 1.973015 2.236001 2.609367 2.812985
0.173442 0.232622 0.491622 0.844157 1.095241 1.370797 1.696966 2.051411 2.316061 2.502053
0.257531 0.343598 0.654071 0.838985 1.048102 1.487473 1.725385 1.897417 2.430505 2.585998
0.197900 0.276312 0.440283 0.705103 1.267341 1.740297 1.934483 2.154007 2.400200 2.624136
0.409590 0.596785 0.983751 1.181770 1.371153 1.502380 1.758280 2.018571 2.380053 2.592151
0.231819 0.332890 0.483514 0.644585 0.816808 0.926308 1.403298 2.233007 2.467857 2.678461
0.258610 0.340064 0.670485 0.908467 1.107611 1.456243 1.759580 1.932179 2.113118 2.310135
0.184377 0.249203 0.410806 0.587907 1.302501 1.510319 1.724432 1.981890 2.282904 2.422125
0.254110 0.313328 0.659859 1.265819 1.412949 1.665930 1.927154 2.101984 2.551446 2.673030
0.161592 0.237480 0.376535 0.637094 0.823028 1.137613 1.696425 1.875770 2.403632 2.639617
0.384501 0.466812 0.740791 0.938093 1.062352 1.509284 1.749143 1.917797 2.548157 2.671506
0.333872 0.419367 0.638994 1.092624 1.520550 1.649447 1.866619 2.148941 2.346723 2.506140
0.426216 0.686997 1.235881 1.428854 1.611591 1.792860 2.017593 2.233715 2.547773 2.696609
0.262949 0.367509 0.530429 0.741867 0.872474 1.069602 1.745566 2.061187 2.283843 2.494178
0.335782 0.547236 0.716211 0.919077 1.275686 1.408437 1.685118 1.967394 2.217639 2.446679
0.227629 0.330991 0.486068 1.117571 1.304983 1.510130 1.757258 1.946972 2.625557 2.782597
0.359850 0.436633 0.750634 1.201513 1.337571 1.594835 1.970273 2.113840 2.573808 2.729963
0.211871 0.304028 0.512758 0.663762 1.086354 1.633335 1.818017 2.129577 2.391080 2.600766
0.196092 0.279726 0.434488 0.624802 0.772358 1.404377 1.948777 2.160918 2.629996 2.775175
0.176304 0.262521 0.373719 0.581101 1.520108 1.736172 1.933230 2.140172 2.358130 2.753524
0.254932 0.381411 0.806187 1.102292 1.534523 1.750280 1.970904 2.159871 2.455922 2.658405
0.190385 0.288656 0.449066 0.678174 0.812376 1.449326 1.728657 1.966320 2.638812 2.789546
0.251178 0.386509 0.609363 0.797102 1.024159 1.181726 1.454661 2.012630 2.493092 2.698933
0.166654 0.266226 0.385171 0.711990 1.397897 1.532347 1.915974 2.088003 2.565270 2.789532
0.238453 0.306036 0.449309 0.876277 1.521437 1.933982 2.134420 2.267986 2.537601 2.658253
0.161634 0.219919 0.353206 0.524346 0.961806 1.207713 1.687918 1.916939 2.161870 2.320657
0.413612 0.597095 0.793763 0.986290 1.281786 1.412660 1.652465 2.016091 2.384164 2.528578
0.228655 0.341562 0.480989 0.988605 1.371003 1.477423 1.861026 2.015852 2.339752 2.773153
0.259092 0.597012 0.985224 1.321740 1.643354 1.957367 2.288682 2.497474 2.716492 2.844467
0.185652 0.304664 0.446232 0.864434 1.091795 1.273770 1.942575 2.095543 2.524648 2.768245
0.176687 0.256678 0.745652 0.934909 1.283760 1.440062 1.765242 2.122092 2.388099 2.590551
0.189805 0.275637 0.440995 0.821356 1.256020 1.410985 1.929781 2.120144 2.396030 2.604643
0.266823 0.337688 0.819408 1.134754 1.289204 1.777028 1.982886 2.221748 2.590286 2.698098
0.205348 0.276512 0.527305 0.727412 1.024647 1.653979 1.904178 2.046613 2.217922 2.455661
0.293498 0.424494 0.613795 0.956130 1.133981 1.324804 1.809031 1.953922 2.293854 2.575884
0.183120 0.249650 0.376204 0.543914 1.350827 1.907220 2.092551 2.255705 2.514391 2.687901
0.541205 0.789796 1.058955 1.269415 1.503899 1.702191 1.970176 2.175444 2.496810 2.652238
0.229326 0.339475 0.451881 0.661210 0.795832 1.073796 2.027104 2.206371 2.478903 2.726784
0.330006 0.506868 0.673076 0.887406 1.228765 1.349226 1.781290 2.086583 2.277762 2.480029
0.138389 0.200001 0.396259 0.811975 1.090712 1.460413 1.745493 1.904269 2.348250 2.699886
0.176584 0.242161 0.378270 1.177848 1.564718 1.678166 1.951618 2.121413 2.580109 2.737132
0.145852 0.198423 0.335644 0.550505 1.019727 1.371188 1.797635 1.943825 2.207490 2.746470
0.385078 0.503696 0.703239 1.069987 1.365736 1.472054 1.825827 2.159636 2.371283 2.520972
0.284950 0.388050 0.507352 0.879125 1.523530 1.776238 1.929597 2.157558 2.447986 2.586398
0.491116 0.756155 1.255200 1.522460 1.776579 2.028121 2.286059 2.429774 2.679106 2.776164
0.252477 0.396081 0.713022 0.861502 1.152223 1.370802 1.614010 2.144798 2.574072 2.712530
0.282756 0.438437 0.613566 0.847746 1.260772 1.379059 1.642202 2.137540 2.368369 2.522163
0.203971 0.322195 0.479842 0.953133 1.211278 1.397635 1.800812 1.954516 2.403478 2.573713
0.264533 0.358424 0.628768 1.111242 1.340246 1.506485 1.999590 2.194109 2.461411 2.667361
0.177730 0.223680 0.394553 0.556177 0.947415 1.500640 1.733528 1.926046 2.261466 2.436054
0.314223 0.363636 0.727886 0.851880 1.053844 1.798132 1.974354 2.182595 2.537995 2.629683
0.201778 0.275500 0.404891 0.747466 1.500050 1.841184 1.998843 2.226807 2.481989 2.669506
0.132164 0.314955 0.821473 1.196038 1.426590 1.699934 2.036856 2.323497 2.685471 2.828965
0.223374 0.347335 0.507730 0.773547 0.967916 1.134129 1.991403 2.306567 2.521364 2.788746
0.312742 0.449784 0.583287 0.934234 1.268567 1.365063 1.569295 1.687046 2.077299 2.595022
0.124286 0.162126 0.290730 0.654031 1.231658 1.538458 1.893070 2.184784 2.562637 2.798224
0.177049 0.251654 0.367891 0.912504 1.557576 1.693045 1.898991 2.072136 2.350163 2.646045
0.240517 0.378333 0.547809 0.754272 0.973321 1.103670 1.574418 2.028049 2.211127 2.562709
0.427795 0.519003 0.771284 0.937240 1.086617 1.609879 1.878750 2.052791 2.534118 2.657149
0.224370 0.317969 0.439666 0.812931 1.398497 1.626632 1.794178 2.114000 2.309157 2.496836
