10 128
0.0120 0.0022 0.0068 -0.0112 -0.0508 -0.0490 0.2249 0.1476 0.0133 -0.0379 
0.0598 0.0477 0.0380 0.0660 0.0517 0.0150 0.0617 0.0081 -0.0768 -0.1007 
-0.0087 -0.0440 0.0873 0.0882 0.0391 -0.0060 0.1100 0.0569 -0.0241 -0.0468 
0.0146 -0.0005 0.0322 -0.0650 -0.0778 -0.0780 -0.0255 -0.0527 -0.0301 -0.0401 
-0.0240 -0.0560 -0.0374 0.0274 0.0484 -0.0227 0.0328 0.1135 0.0117 -0.0300 
-0.0324 -0.0574 0.0302 0.0137 -0.0603 -0.1194 -0.0105 -0.0513 0.0698 0.0538 
0.0635 0.0382 0.0531 0.0897 0.0495 0.0039 -0.0421 -0.0919 0.0407 0.0167 
0.0954 0.0854 0.0360 -0.0025 -0.0252 -0.0528 -0.0435 -0.0561 -0.0405 -0.0432 
0.0110 -0.0010 -0.0433 -0.0167 0.1402 0.0738 0.0423 -0.0024 -0.0920 -0.1099 
0.0179 0.0184 -0.0041 -0.0640 0.1004 0.0608 -0.0023 -0.0357 0.1509 0.1262 
-0.0145 -0.0240 -0.0595 -0.1063 0.0597 -0.0040 -0.0886 0.1184 0.0380 0.0126 
-0.0072 0.0172 0.0076 0.0288 0.0810 0.0278 0.0709 0.0051 0.0214 -0.0301 
0.0127 -0.0126 -0.0434 0.1610 0.1178 0.0704 0.0257 -0.0073 -0.0425 -0.0610 
-0.0165 -0.0369 -0.0785 0.1007 0.0309 -0.0651 0.0142 -0.0614 0.0426 0.0289 
-0.0374 -0.0712 0.0049 -0.0382 0.0472 0.0095 -0.0268 -0.0747 -0.0457 -0.0758 
-0.0211 -0.0432 -0.0547 -0.0446 -0.1078 0.0090 -0.0565 -0.1298 0.0721 0.0351 
-0.0014 -0.0072 -0.0283 -0.0324 -0.0208 -0.0703 0.0979 0.0865 -0.0007 0.1881 
-0.0077 -0.0302 0.1231 0.0905 0.0786 0.0432 -0.0286 -0.0661 -0.0055 -0.0275 
0.0010 0.0043 0.0044 0.0380 -0.1201 -0.0098 -0.0166 0.0105 0.0153 0.0134 
0.0843 0.0636 0.0416 -0.0004 -0.0570 -0.0592 0.1158 0.0590 0.0126 0.0034 
0.0346 0.0290 -0.0037 -0.0026 -0.0457 0.1824 0.1469 0.0870 0.0291 -0.0074 
0.0066 0.0682 -0.0148 0.0287 0.0095 -0.0563 0.1296 0.0426 0.1215 0.0886 
-0.0132 -0.0399 0.0960 0.0474 0.0140 0.0306 -0.0192 -0.0703 -0.1559 -0.1556 
-0.0600 0.0482 0.1257 0.0521 0.0229 -0.0031 0.0817 0.0571 -0.0138 -0.0277 
0.0013 -0.0103 -0.0470 -0.0687 -0.1444 0.0181 0.1350 0.0559 -0.0177 -0.0598 
-0.0215 -0.0318 -0.0689 -0.0268 0.0917 0.0307 0.0135 -0.0184 -0.0857 0.1231 
0.0137 -0.0152 0.0199 -0.0291 -0.0685 0.0438 -0.1137 0.0231 -0.0632 -0.0802 
-0.0011 0.0314 0.0535 -0.0135 -0.0291 -0.0579 -0.1049 0.0288 -0.0628 0.1355 
-0.0901 0.0041 -0.0170 0.0351 0.0144 -0.0505 0.0396 0.0638 -0.0145 0.0141 
-0.0400 -0.0603 -0.0714 0.0329 -0.0049 -0.0529 -0.1251 0.0022 -0.0449 -0.0778 
0.0247 0.0296 0.0239 0.0122 -0.0348 -0.1224 -0.0033 0.1237 -0.0016 -0.0436 
0.0246 0.0050 0.0322 0.0818 0.0203 0.0846 0.0022 0.0876 0.0149 -0.0184 
-0.0204 -0.0228 0.0365 -0.0164 0.1087 0.0374 -0.0550 0.0330 -0.0582 -0.0736 
-0.0305 -0.0485 -0.0572 0.0275 -0.0271 -0.0436 0.1217 0.0700 0.1253 0.0990 
-0.0079 -0.0204 -0.0325 0.0491 0.0158 -0.0365 -0.1309 -0.1812 0.1428 0.1148 
0.0680 0.0547 0.0309 0.0079 -0.0332 0.0391 -0.0287 0.1258 0.1123 0.1016 
-0.0264 -0.0409 -0.0538 -0.0192 -0.0393 -0.0713 -0.0618 -0.1078 -0.1850 0.0532 
0.0081 -0.0115 -0.0090 0.1201 -0.0413 -0.0995 0.0445 -0.0032 -0.0286 -0.0497 
-0.0023 -0.0184 -0.0358 0.1279 0.0847 0.0530 0.0230 -0.0212 0.1245 0.0965 
0.0111 0.1038 0.0597 0.0413 0.0533 0.0011 0.0031 0.0705 0.0242 0.0198 
0.0020 -0.0071 -0.0262 -0.0496 -0.0750 -0.1273 -0.1785 0.0606 -0.0223 -0.0583 
-0.0202 0.0669 0.0081 0.0335 -0.0218 -0.1073 -0.0146 -0.0673 0.0490 0.0210 
-0.0108 -0.0230 -0.0614 -0.0986 0.0629 0.0006 0.1496 0.1099 0.0316 0.0098 
-0.0368 -0.0685 0.0138 -0.0213 -0.0009 0.0344 -0.0249 0.0311 0.0803 0.0759 
0.0038 -0.0158 0.0142 0.0254 0.0970 0.0021 -0.1029 0.0006 0.0576 0.0261 
-0.0083 0.0698 0.0406 -0.0348 0.0200 0.0833 0.0186 -0.0145 -0.0725 -0.0872 
-0.0506 -0.0673 0.0776 -0.0172 -0.0444 -0.0531 -0.0799 0.0005 -0.0359 -0.0446 
0.0368 0.0376 -0.0407 -0.0190 0.0987 0.0212 -0.0349 -0.0951 -0.0084 -0.0342 
-0.0309 -0.0561 0.0950 -0.0125 -0.1028 -0.0133 0.0920 0.0965 0.0668 0.0409 
-0.0898 0.0036 -0.0353 -0.0024 -0.0365 -0.0259 -0.0485 -0.0843 -0.0063 -0.0167 
-0.0255 -0.0407 -0.0456 -0.0931 -0.0892 -0.0293 -0.0510 0.0183 -0.0104 0.0472 
-0.0172 -0.0399 -0.0731 0.0546 0.0320 -0.0283 0.0415 -0.0107 -0.1237 -0.1102 
0.0210 0.0294 -0.0038 -0.0090 -0.0551 -0.0922 0.0261 -0.0334 -0.1181 -0.1536 
0.0092 0.0032 -0.0162 0.0398 0.0205 0.1266 -0.0107 -0.0858 0.0392 0.0032 
-0.0038 -0.0269 -0.0737 0.1138 0.0263 -0.0031 -0.1188 0.1621 0.0831 0.0526 
0.0023 -0.0149 -0.0497 0.0898 0.0456 -0.0145 -0.0928 -0.1507 -0.0611 -0.0938 
0.0120 0.0124 -0.0286 -0.1319 0.0219 0.0311 -0.0398 -0.0465 -0.0008 -0.0375 
0.0138 0.0023 0.0024 0.1072 0.0531 0.0006 0.0292 -0.0115 -0.0620 0.1650 
0.0070 -0.0251 0.0715 0.0380 -0.0404 0.1230 0.0629 0.0096 0.0973 0.0641 
-0.0586 0.0772 0.0128 0.1060 0.0715 0.0374 -0.0074 -0.0365 -0.0543 -0.0489 
-0.0392 0.0871 -0.0069 -0.1084 0.0264 -0.0495 0.0396 0.0005 -0.0293 -0.0240 
-0.0327 0.0605 0.0662 0.0100 -0.0007 -0.0525 -0.0812 -0.0686 -0.0873 -0.0830 
0.0119 0.0058 0.0030 -0.0307 0.0650 0.0175 -0.0741 -0.1500 -0.1947 0.0881 
0.0572 0.0411 0.0152 -0.0127 -0.0589 -0.0510 -0.0212 -0.0834 0.1434 0.1318 
0.0518 0.0417 -0.0430 0.0963 -0.0014 0.0173 0.0234 -0.0273 0.0359 -0.0118 
0.0652 0.0587 0.0013 -0.0700 0.1262 0.0975 0.0680 0.0598 0.0048 -0.0305 
-0.0185 -0.0440 0.1178 0.0656 0.0052 -0.0534 -0.1151 0.1116 0.0659 0.0344 
0.0788 0.0577 0.0452 0.0283 -0.0278 0.0911 0.0280 -0.0254 0.0029 -0.0361 
-0.0165 -0.0322 -0.0526 -0.1057 0.0927 0.0293 -0.1026 -0.1671 0.0470 0.0355 
0.0100 0.0001 -0.0221 -0.0775 -0.1109 -0.1416 0.0884 0.0441 0.0632 0.0409 
0.0204 0.0432 0.0141 -0.0296 0.1073 0.0580 0.0383 0.0270 -0.0857 0.1246 
0.0488 0.0231 0.0648 -0.0179 0.0747 0.0156 -0.0384 -0.0733 -0.0732 -0.0970 
0.0005 -0.0199 -0.0260 -0.0511 -0.1110 0.0670 -0.0413 0.1571 0.0498 0.0191 
0.0037 -0.0085 -0.0796 0.0086 -0.0852 0.0850 0.0115 -0.0065 0.1161 0.0727 
0.0023 0.0483 0.0285 -0.0642 -0.0477 0.0175 0.0346 0.0452 0.0655 0.0284 
-0.0986 0.0463 0.0326 -0.0055 0.0702 0.0194 -0.0423 -0.0107 0.0338 0.0619 
0.0126 -0.0138 -0.1115 0.0159 -0.0331 0.0217 -0.0376 -0.0407 -0.0222 -0.0503 
0.0222 0.0071 -0.0490 0.1017 0.0551 -0.0164 0.1578 0.1059 0.0025 -0.0107 
0.0124 -0.0090 0.0322 0.0930 0.0281 -0.0403 -0.0781 0.0125 -0.0670 -0.1058 
0.0363 0.0077 0.1052 0.0039 0.0676 0.0891 0.0433 0.0252 0.0224 -0.0043 
-0.0045 -0.0194 -0.0193 -0.0480 -0.0640 -0.0695 -0.1597 -0.0030 0.1728 0.1231 
0.0297 0.0025 0.0619 -0.0347 -0.1171 0.1043 0.0868 0.0191 -0.0739 -0.1075 
0.0073 0.0914 0.0367 -0.0236 0.0232 0.0304 -0.0787 -0.1099 0.0460 0.0082 
0.0296 0.0297 -0.0444 0.0184 0.0602 -0.0295 -0.0934 0.0636 -0.0347 -0.0722 
-0.0290 -0.0629 0.0598 0.0013 0.0064 0.1431 0.0920 0.0468 -0.0311 -0.0614 
-0.0152 -0.0311 -0.0500 -0.0672 -0.1257 -0.0134 -0.0220 -0.0612 -0.1131 -0.1417 
0.0371 0.0153 -0.0817 -0.0007 0.0837 0.0481 0.0460 0.0678 0.0524 0.0432 
0.0126 -0.0069 -0.0092 -0.0693 -0.0250 0.1510 0.0098 -0.0683 -0.0566 -0.0769 
-0.0199 -0.0423 0.0806 0.0562 0.0009 -0.0563 -0.1358 -0.1578 -0.0456 0.0032 
0.0091 0.0101 -0.0090 -0.0279 -0.0489 -0.1038 -0.0815 0.2184 0.1172 0.0902 
-0.0024 -0.0135 0.0392 0.0028 0.0792 0.0404 0.0867 0.1610 0.0954 0.0846 
-0.0004 -0.0220 -0.0282 -0.1022 -0.0799 0.1278 0.0765 0.0402 0.0850 0.0611 
0.0443 0.0320 -0.0384 -0.0964 0.0030 -0.0398 -0.0730 -0.0052 -0.0267 0.1209 
-0.0706 0.1151 0.0722 -0.0175 -0.0927 -0.0559 0.0316 0.0186 0.0105 0.0314 
-0.0145 -0.0263 -0.0564 0.0248 -0.0181 -0.0817 -0.0938 0.0366 -0.0315 0.1253 
0.0307 0.0039 0.1290 0.0402 -0.0439 -0.0384 0.0044 -0.0177 -0.0172 -0.0310 
0.0447 0.0298 0.0287 0.0273 -0.0350 -0.0708 -0.1829 -0.0317 0.0643 0.0057 
-0.0820 -0.0326 0.0209 -0.0711 0.0084 0.0111 0.0426 0.0262 -0.0061 0.0005 
0.0545 0.0377 -0.0417 -0.0625 0.0114 -0.0405 0.0573 0.0191 -0.0263 -0.0472 
-0.0053 -0.0049 -0.0255 -0.0578 -0.0237 -0.0721 -0.1487 -0.1636 0.0046 -0.0355 
0.0309 0.0107 0.0163 0.0132 -0.0536 -0.0009 -0.0706 -0.1350 -0.0514 -0.0960 
0.0306 0.0003 0.0494 0.0701 0.0027 -0.0458 0.0780 0.0327 0.0937 0.0605 
-0.0017 -0.0275 0.0797 -0.0268 -0.1014 0.0593 -0.0528 -0.1103 0.0682 0.0322 
-0.0507 -0.0806 -0.0646 -0.0052 -0.0576 0.0451 0.0489 0.0150 0.0029 -0.0189 
0.0270 0.0143 -0.0375 -0.0071 -0.0607 -0.1157 -0.0345 -0.1115 0.0201 -0.0104 
-0.0807 -0.1088 0.0845 0.0720 0.0441 0.0301 0.0043 0.0052 0.0016 0.0201 
-0.0290 -0.0532 0.0036 -0.0201 -0.0723 -0.1321 0.0867 0.0479 -0.0556 -0.0850 
-0.0271 0.0126 0.1283 0.0533 -0.0030 -0.0352 -0.0326 -0.0553 0.1402 0.1121 
-0.0358 -0.0518 -0.1080 0.0134 0.0950 0.0384 -0.0040 -0.0254 0.0026 -0.0217 
-0.0152 -0.0375 -0.0827 0.0916 0.0188 0.1306 0.0983 0.0606 0.0381 0.0080 
-0.0107 -0.0269 -0.0573 -0.1189 0.0258 0.1009 0.0565 0.0270 -0.0557 -0.0778 
-0.0193 -0.0242 -0.0784 -0.0816 0.0287 -0.0484 0.0292 -0.0414 0.1124 0.0767 
0.0177 -0.0148 0.0472 -0.0808 0.0623 -0.0636 0.0750 -0.0107 0.0673 0.0425 
-0.0220 0.0577 -0.0769 -0.0247 -0.0321 0.0341 -0.0108 0.0109 -0.0142 0.0122 
0.0194 0.0248 -0.0096 -0.0205 -0.0460 -0.1160 0.0492 -0.0188 -0.1535 0.0816 
0.0301 -0.0286 -0.0077 -0.0117 -0.0036 -0.0026 0.0133 -0.0032 0.0007 -0.0160 
0.0115 -0.0111 0.0246 -0.0639 0.0325 -0.0313 0.0808 0.0435 -0.0777 -0.1108 
-0.0079 -0.0334 -0.0144 -0.0539 0.1564 0.1175 0.0549 0.0340 0.0319 0.0027 
-0.0155 -0.0275 -0.0739 -0.0932 0.0108 -0.0698 0.0036 -0.0213 -0.0486 -0.0670 
-0.0234 -0.0567 0.0020 0.0908 -0.0151 0.0460 -0.0175 -0.0523 0.0098 -0.0237 
0.0057 -0.0066 -0.0418 0.0418 -0.0449 0.1069 0.0629 -0.0016 -0.1068 -0.1492 
-0.0791 0.0403 -0.0009 0.0285 -0.0065 0.0963 0.0550 0.0634 0.0693 0.0694 
-0.0068 -0.0197 -0.0919 0.0071 -0.0551 -0.1173 0.0926 0.0413 0.0127 -0.0158 
0.0540 0.0389 -0.0195 -0.0800 -0.1383 0.0440 -0.0139 -0.0405 0.0147 -0.0183 
0.0380 0.0248 0.0520 -0.0609 0.0339 -0.0070 -0.0974 0.1182 0.0221 -0.0310 
0.0043 0.0046 -0.0274 -0.0502 0.0326 -0.0143 -0.0586 -0.0866 -0.1673 -0.1624 
0.0428 0.0385 -0.0228 0.0704 0.0069 -0.0145 -0.0623 -0.0639 -0.1479 0.0212 
-0.0078 -0.0297 0.0025 -0.0239 -0.0793 0.0896 0.0315 -0.0546 -0.1309 0.1080
