5 2048
-0.002077 -0.038247 -0.036477 -0.003710 0.058915 
-0.035874 -0.128709 0.029183 -0.019849 0.049800 
-0.007389 -0.040358 0.044426 0.047695 -0.043474 
0.075558 0.066718 -0.000350 -0.002910 0.009981 
-0.009790 0.076568 -0.100581 0.021504 -0.026649 
-0.026362 -0.100884 -0.003799 0.061469 0.001711 
-0.034198 -0.008936 0.039170 -0.055448 -0.078447 
0.028441 -0.038152 0.015590 0.036567 -0.041377 
0.049588 -0.091695 0.004580 -0.055922 -0.041638 
-0.025374 -0.037246 -0.002046 0.002822 -0.108640 
-0.050719 0.152889 0.036331 0.025204 -0.017701 
0.035302 0.120953 0.037832 -0.092915 0.065586 
-0.048191 -0.092276 -0.077588 -0.043380 0.071115 
0.011347 -0.004383 0.064201 0.091266 -0.037474 
0.019023 0.014911 -0.012935 0.038099 0.015753 
0.005340 -0.046005 0.048595 0.061014 0.075044 
0.083994 -0.042736 0.000191 -0.120346 0.059455 
-0.040009 -0.085618 -0.022013 0.016604 -0.021977 
-0.041351 0.055057 0.041498 -0.057724 -0.004755 
0.046951 0.098620 0.036630 -0.034510 0.026358 
0.034831 -0.018107 -0.038210 -0.024564 -0.076584 
-0.038199 -0.082180 -0.087172 0.100873 -0.013934 
0.007410 0.052748 -0.012468 -0.086356 -0.004344 
-0.008693 0.023248 0.088995 0.063277 -0.010981 
-0.014865 -0.008322 -0.026526 0.001412 -0.009086 
-0.041663 -0.082625 0.022751 -0.040388 -0.157427 
0.000052 0.047105 0.090012 0.049647 -0.052600 
0.043776 0.044112 -0.006996 0.035467 0.033674 
0.038165 0.009940 -0.005274 -0.025234 0.012284 
0.059331 0.033687 -0.030071 0.038173 -0.045016 
0.026068 0.158444 0.048818 -0.057637 0.009770 
-0.040754 -0.099489 -0.027782 -0.004839 0.170178 
0.018211 -0.024125 -0.001981 -0.056519 0.022604 
0.043672 -0.084946 0.014191 0.071154 -0.005074 
-0.088121 -0.013992 -0.039939 0.008830 -0.019720 
-0.014986 0.009192 -0.018737 -0.054735 -0.013960 
-0.001601 0.002582 -0.065304 0.007212 -0.013857 
-0.007417 -0.077118 -0.033128 0.041117 0.100625 
0.000688 -0.014708 -0.011064 -0.123109 -0.008590 
0.038570 -0.013241 0.026994 -0.007213 -0.000633 
0.001257 -0.072096 0.057499 0.003234 0.041459 
-0.084929 -0.010858 0.034929 0.018375 -0.101168 
-0.009436 0.035974 -0.047298 0.107772 -0.014572 
-0.033241 0.076725 -0.052278 -0.044989 0.064574 
-0.034320 -0.080934 -0.062584 -0.052365 -0.007583 
0.043332 -0.039973 0.001890 0.081092 0.032425 
0.072661 0.019296 -0.009173 -0.013795 -0.048534 
0.003494 -0.036829 0.029480 0.062652 0.019438 
0.003633 -0.011968 -0.096593 -0.102286 0.064289 
-0.051416 -0.052157 -0.106111 0.005858 -0.031779 
0.001473 0.071136 -0.017587 0.041119 -0.084642 
-0.019285 0.061407 0.024265 -0.082217 0.101714 
-0.021349 -0.011424 -0.157899 -0.011584 0.086331 
-0.079601 0.013742 -0.095978 0.093032 0.011498 
-0.108846 -0.042340 -0.021774 -0.091363 -0.082840 
-0.068721 -0.023200 0.069062 0.025331 -0.063542 
-0.002176 -0.044709 -0.011586 -0.035579 -0.061392 
0.002329 -0.055782 0.087560 -0.009142 -0.031210 
0.087176 0.029363 0.048300 0.030101 0.003028 
-0.006744 0.110741 0.047285 0.042711 0.114962 
-0.014983 0.067022 -0.034867 0.007693 0.108661 
0.072716 0.001158 -0.020279 0.097118 -0.049090 
0.018332 0.073348 0.048479 0.038012 -0.075550 
0.024128 -0.002290 0.027979 -0.007476 0.128642 
0.063321 -0.016130 -0.010724 -0.033216 0.012203 
0.004603 -0.069020 0.019149 0.023442 -0.041990 
0.001559 -0.054141 -0.017873 0.001051 0.009669 
0.007371 0.043631 0.032348 -0.066689 -0.007712 
0.075542 0.039341 -0.074389 0.089409 -0.067587 
0.013297 -0.123535 -0.034031 0.013429 0.024826 
0.017265 0.052105 0.067939 -0.101957 -0.053347 
0.046413 0.004984 0.062332 0.030324 0.060242 
-0.025911 -0.060816 0.054284 -0.056832 0.016850 
0.007933 -0.018569 -0.000549 0.026701 -0.090331 
-0.006708 0.055666 0.016664 0.060888 -0.010839 
-0.037232 0.056511 -0.020495 -0.017025 0.030780 
-0.059804 -0.054145 -0.035811 -0.030383 -0.022947 
-0.038436 -0.017628 -0.001154 0.071736 0.013679 
0.089806 0.109393 0.002158 0.022933 -0.009429 
-0.081438 -0.020658 0.036259 0.054585 0.017455 
0.037820 0.018769 -0.052528 -0.146355 0.121991 
-0.018012 -0.054744 0.003927 0.003980 -0.068627 
-0.025582 0.068240 0.012886 -0.118982 -0.025012 
-0.060768 0.074453 0.039306 0.043620 -0.021238 
0.008481 -0.086583 -0.067953 0.013657 -0.016164 
0.052682 0.037754 -0.034526 0.147500 -0.038053 
-0.000554 0.038997 -0.033353 -0.103730 -0.024374 
0.063047 0.007908 0.052749 -0.060232 0.105523 
-0.018157 -0.023187 0.050942 -0.044718 0.023590 
-0.031973 -0.076362 0.073925 0.002114 -0.024398 
-0.058682 0.080042 0.018073 0.170306 0.034023 
0.049977 -0.005101 0.005590 0.044243 0.045804 
-0.002783 0.065756 -0.036121 -0.026414 -0.032356 
0.022865 0.009608 0.014138 0.076862 -0.045138 
0.060759 0.119694 0.029403 -0.106477 -0.030301 
0.005873 -0.044463 0.032373 0.018732 0.030235 
0.054996 0.014096 -0.056245 -0.108233 0.076912 
-0.003553 -0.057174 0.014594 -0.044747 -0.000811 
-0.070712 0.032588 0.016264 0.000303 0.049043 
0.009463 0.074638 0.018082 0.009662 0.016092 
0.002476 0.044398 -0.087719 -0.019282 -0.061589 
0.060302 -0.067478 -0.040506 0.023576 0.052937 
-0.072603 -0.012619 0.001381 -0.072008 -0.029615 
0.037036 -0.024612 0.072062 -0.042065 0.019378 
-0.040438 -0.119783 -0.006434 -0.060809 0.085511 
-0.008272 0.020380 0.022744 0.066027 -0.063608 
0.000489 0.072277 0.001453 0.008278 0.040882 
0.032724 0.159938 -0.041156 0.022564 0.038648 
0.014324 -0.095703 -0.056763 -0.088713 0.020001 
-0.023825 0.027423 -0.018492 0.065606 0.000365 
0.039845 0.018820 -0.038350 -0.078718 -0.033629 
-0.001663 0.009565 0.108200 0.058847 0.065809 
-0.049633 -0.045554 0.020137 -0.086381 0.091892 
-0.002517 -0.024076 -0.000222 0.049573 -0.129418 
-0.045283 0.051515 -0.006173 0.029917 -0.010061 
0.006979 0.078079 0.067161 -0.006824 0.036737 
0.001946 0.029299 -0.146673 0.005204 -0.049944 
-0.003573 -0.022387 -0.192735 0.086714 0.000681 
0.023023 0.025278 0.032334 -0.092047 -0.097106 
0.009314 -0.026795 0.048717 -0.014619 0.009445 
-0.034367 0.013246 0.033975 0.027681 -0.048279 
-0.034841 -0.011498 0.129486 0.012413 -0.099857 
-0.009759 0.017468 0.030971 0.054610 0.058014 
-0.053387 0.017293 0.044926 0.081337 0.056077 
-0.014173 0.033715 -0.080168 -0.039195 0.057433 
-0.008063 -0.024017 -0.029873 0.059315 -0.016884 
0.037413 0.102710 0.039066 -0.000322 -0.007096 
0.001081 0.004899 0.064913 -0.009724 0.052938 
0.080878 -0.088833 0.017234 -0.064402 0.068572 
-0.037607 -0.071831 0.000857 0.017839 -0.001686 
0.014565 0.002904 0.000522 -0.003298 0.002213 
0.095679 0.012244 0.036755 -0.099818 0.011289 
-0.028433 0.070577 -0.043776 -0.022561 -0.076359 
-0.030471 -0.127211 -0.047570 0.077242 -0.002030 
0.022748 -0.045608 0.087172 -0.006712 -0.112507 
0.048520 -0.049787 0.033883 0.026952 0.022558 
0.062996 0.012765 0.026950 -0.066289 -0.068448 
0.054918 0.003780 0.040104 -0.005777 -0.085504 
0.064809 0.077196 0.014756 0.043405 0.023787 
0.031364 0.128719 -0.042317 -0.004864 0.087827 
-0.029815 -0.093621 -0.008519 -0.023955 0.051611 
-0.014788 -0.068189 0.037225 0.179376 -0.029766 
0.060538 0.006306 0.012777 0.019308 0.009494 
-0.008692 -0.017852 0.038436 0.046522 0.130088 
-0.012523 -0.023608 0.032478 -0.090472 0.044247 
-0.044404 -0.030180 -0.040445 0.035083 -0.032830 
-0.072877 0.049263 0.081485 -0.069301 0.014635 
-0.057655 0.197364 -0.000351 -0.022115 0.039887 
0.042215 -0.009109 -0.086347 -0.104682 -0.049640 
-0.047970 -0.025332 -0.040848 0.083051 -0.021243 
-0.028802 0.015424 0.001733 -0.128243 -0.060411 
0.055727 0.057515 0.146167 -0.056022 0.024345 
0.002416 -0.015298 0.002236 -0.020925 -0.036973 
-0.029182 -0.058852 0.072372 -0.069443 -0.038400 
-0.056167 0.006957 0.068247 0.059373 -0.048485 
0.034235 0.048623 -0.036035 0.085210 0.110573 
-0.015337 0.046972 -0.043542 0.006351 0.031155 
0.088626 0.069233 0.008134 0.019241 -0.060153 
0.041371 0.089979 -0.041853 0.023626 0.016064 
-0.053828 -0.049329 -0.016176 -0.013092 0.057257 
0.069686 -0.046114 -0.045261 -0.039290 0.020585 
0.061314 -0.027727 -0.001927 0.022808 -0.015832 
-0.075912 -0.014836 0.002965 0.081369 -0.022597 
0.005534 0.065315 0.044334 -0.043319 -0.041186 
-0.013693 0.026330 -0.020694 0.032579 -0.067664 
-0.035584 -0.076274 -0.115553 0.029283 0.115779 
0.013526 -0.034741 0.010015 -0.130855 -0.047597 
0.080984 0.031915 0.048376 -0.028547 -0.023234 
-0.052917 -0.103074 0.071678 -0.043019 -0.020299 
-0.045608 0.007487 -0.028223 0.036499 -0.089053 
-0.034453 0.074651 -0.025209 0.077487 -0.013263 
0.004921 0.072189 -0.050852 0.059399 0.035439 
0.002935 -0.054894 -0.031357 -0.070326 -0.036947 
-0.026730 0.036590 -0.025250 0.113258 0.121094 
0.080910 0.042350 -0.092512 -0.043499 -0.025455 
0.034745 -0.070282 0.032647 0.111722 -0.019157 
0.020761 0.013997 -0.061982 -0.060954 0.055112 
0.036288 -0.080176 -0.027267 0.012212 -0.093795 
-0.041882 0.097155 0.087384 -0.031435 -0.082801 
0.009464 0.032459 0.077828 -0.112376 0.108840 
0.019555 0.014775 -0.073011 -0.043973 0.011444 
-0.048044 0.056260 -0.038387 0.043656 0.008263 
-0.014005 -0.016142 -0.038569 -0.064552 -0.057510 
-0.078202 -0.059032 0.084016 -0.010298 0.012574 
-0.020059 -0.064059 -0.059392 -0.046799 -0.054238 
0.022026 -0.006059 0.084724 0.041685 -0.029012 
0.026514 0.032033 0.022922 0.031857 0.030105 
-0.035650 0.031377 -0.030435 0.061662 0.079732 
-0.025495 0.041751 -0.112711 -0.015737 0.015504 
0.121804 -0.030913 -0.016931 0.056284 -0.031211 
-0.038259 -0.005525 0.074063 -0.019980 -0.074225 
-0.043126 -0.008346 0.052048 -0.010386 0.102477 
0.020457 -0.053151 0.037134 -0.048166 0.025535 
-0.004324 -0.102005 0.042549 0.062684 -0.011027 
-0.041502 -0.022180 -0.001040 0.012690 0.058495 
0.039481 0.061425 0.036436 -0.094401 0.024691 
-0.002509 -0.024231 -0.105831 0.050352 -0.105564 
0.036061 -0.093016 -0.042697 0.049621 -0.014022 
0.037095 0.014433 0.054764 -0.096569 -0.011104 
0.004844 0.011453 0.022667 -0.022798 0.002655 
0.021742 -0.079613 0.045351 -0.079863 0.014770 
0.050245 -0.026754 -0.023870 0.015727 -0.098730 
0.042398 0.154448 -0.009362 0.081429 -0.020656 
-0.072560 0.133852 0.025744 -0.109001 0.075747 
-0.059454 -0.002469 -0.103847 -0.008798 0.031741 
-0.020032 -0.011426 -0.002985 0.061967 -0.058554 
0.096033 0.053995 -0.071745 0.012181 0.016611 
-0.051161 -0.042525 0.015651 0.078963 0.054139 
-0.007119 0.014112 0.000797 -0.147306 0.012158 
-0.048199 -0.042152 -0.060602 0.035608 -0.095526 
-0.044437 0.079277 -0.036361 -0.085666 0.005652 
-0.035263 0.081781 0.098388 -0.015160 0.032423 
0.048597 -0.010937 -0.045141 -0.016016 -0.045851 
0.017285 0.029554 -0.068669 0.090490 -0.069378 
-0.015215 0.065693 -0.080376 -0.098850 -0.001785 
-0.000808 0.001812 0.047789 -0.059522 0.029808 
-0.040358 -0.013967 -0.035444 -0.057752 0.011251 
0.027783 -0.009928 0.081566 -0.060520 -0.032563 
-0.018103 0.008202 0.020263 0.036779 0.028019 
0.034566 0.020755 0.010139 0.022813 0.071878 
-0.033001 0.012734 -0.101437 -0.069713 0.016386 
0.040255 0.034849 0.017738 0.082952 0.030522 
0.011027 0.101822 0.000381 -0.044621 -0.048575 
-0.018043 -0.104642 0.042318 0.024433 0.071077 
0.028556 0.050381 -0.035783 -0.004765 0.019134 
0.004109 -0.114088 -0.030007 -0.003475 -0.033302 
-0.132027 -0.012463 -0.036186 0.000562 -0.054043 
-0.003544 0.052264 0.043304 0.012117 0.016872 
-0.034524 0.066372 -0.065579 -0.033370 0.014889 
0.004579 -0.049747 -0.050504 0.049331 0.040066 
-0.125392 -0.097291 0.050421 -0.071309 -0.051625 
0.065285 0.022484 0.062435 0.017569 -0.040502 
-0.004470 -0.054208 0.010625 -0.094016 0.022508 
0.033725 0.032426 -0.015455 0.036159 -0.115369 
-0.103817 0.142767 -0.000238 -0.019162 0.008959 
0.030765 0.075502 -0.088049 0.017398 0.024749 
-0.021910 -0.075993 -0.149318 -0.174722 0.102620 
0.008195 -0.009007 0.007189 0.076657 0.014460 
0.034428 0.027255 -0.013869 -0.050491 -0.048691 
0.037759 -0.098562 0.085631 0.021691 -0.000794 
-0.029941 0.026585 -0.033603 -0.014074 0.066789 
0.005141 -0.012246 -0.067551 0.100708 -0.040232 
-0.002751 0.049901 0.016959 0.021812 -0.059523 
-0.022331 0.030079 0.058567 -0.029002 0.104237 
-0.013602 -0.035019 -0.155316 0.016558 -0.013881 
0.004136 -0.001657 -0.097220 0.019060 0.052990 
0.004200 0.054365 -0.016768 -0.045191 -0.105984 
-0.052803 -0.016935 0.092437 -0.013893 -0.033606 
-0.023246 -0.039305 0.036068 -0.020164 -0.060244 
0.045916 -0.014132 0.044463 0.046890 -0.118975 
0.074037 0.010976 0.090692 0.090068 0.023711 
-0.044310 0.007556 -0.037900 0.026798 0.084256 
0.002559 0.013715 0.004015 0.008334 0.101711 
0.022258 0.030790 -0.065656 0.019198 -0.035505 
0.026328 0.028683 0.115303 -0.028803 -0.086521 
-0.004355 -0.046031 0.011248 -0.040795 0.121216 
0.000425 -0.056590 0.011373 -0.070856 0.064965 
-0.043302 -0.095015 0.013747 0.048043 0.047157 
-0.046839 -0.005878 -0.013815 0.028948 -0.001373 
0.115513 0.049750 0.038856 0.002747 0.068706 
-0.059471 0.083940 -0.035785 0.026815 -0.027017 
0.004618 -0.093707 -0.031970 0.104710 -0.008533 
-0.008056 -0.017611 0.038062 -0.073507 -0.036477 
0.022407 -0.059049 0.022840 0.012451 -0.010174 
0.057217 -0.050858 -0.053612 -0.064090 -0.097360 
0.041668 -0.011445 -0.075167 0.006584 -0.122856 
-0.011272 0.137465 -0.067901 0.011357 -0.050853 
0.020753 0.070596 0.004302 -0.066991 0.055696 
-0.043828 -0.042721 -0.096928 -0.047589 0.046254 
-0.027538 -0.005234 0.030541 0.077571 -0.039512 
0.032372 -0.022397 0.002903 0.014010 0.028365 
0.007460 0.011506 0.019889 0.062747 0.095319 
0.052300 0.007374 0.036028 -0.116833 0.049517 
0.004313 -0.039924 -0.005692 0.035446 -0.006279 
-0.092093 0.025645 0.053023 -0.015761 -0.045887 
-0.018082 0.081602 0.046870 0.015485 0.067284 
0.055890 0.008159 -0.036149 -0.067704 -0.096800 
0.015948 -0.036949 -0.083131 0.080618 0.031677 
0.025776 0.047673 -0.012634 -0.098220 0.039341 
0.018630 0.024685 0.068760 -0.009148 -0.006932 
0.000131 -0.009954 -0.075954 -0.020703 0.000996 
-0.040731 -0.082876 0.075619 0.017000 -0.130026 
0.003839 0.083757 0.085935 0.058477 -0.018794 
0.019268 0.053820 -0.025907 -0.016484 0.048963 
0.017315 0.011801 -0.016617 -0.016373 0.052079 
0.016567 0.064592 -0.011714 0.047244 -0.029583 
-0.010269 0.112646 -0.025079 -0.018015 -0.021550 
-0.019521 -0.111462 -0.047937 -0.002779 0.083724 
0.004416 0.004607 -0.006974 -0.101561 0.027376 
0.083440 -0.109869 -0.002361 -0.011364 -0.079707 
-0.138325 -0.095825 0.034339 0.024551 -0.012431 
-0.000401 0.007608 0.013950 -0.060441 0.010061 
0.012546 -0.000065 -0.023529 0.015494 -0.012896 
-0.014981 -0.019040 -0.043634 0.076437 0.059672 
0.014985 -0.037394 0.020033 -0.082023 -0.016717 
0.029711 -0.006237 0.055347 0.024365 0.002094 
0.019464 -0.038260 0.127306 -0.051862 0.049168 
-0.074259 -0.022269 0.023182 0.071183 -0.065354 
-0.055933 0.064170 -0.055712 0.107983 0.054978 
0.015294 0.093224 -0.052328 0.000761 -0.020823 
0.023903 -0.063241 -0.093322 -0.054658 -0.006845 
0.048141 -0.023201 -0.047564 0.106605 0.000059 
0.146340 0.030121 -0.040556 -0.020381 -0.050294 
0.016659 -0.021563 0.027855 0.069633 -0.009148 
0.027112 0.056646 -0.023372 -0.211107 0.014012 
-0.019924 -0.122201 -0.040118 0.003571 -0.146470 
0.017162 0.075261 0.002383 -0.006374 -0.081174 
0.043906 -0.005278 -0.027448 -0.046459 0.140484 
0.008671 0.019853 -0.128017 -0.022950 0.048609 
-0.019167 -0.010958 -0.061823 0.072910 0.001440 
-0.023976 -0.030275 0.027463 -0.138470 -0.139145 
-0.028088 -0.013451 0.113264 0.081011 -0.012685 
0.006025 -0.055737 0.022779 -0.019951 -0.046793 
-0.015091 -0.017958 0.063092 0.032101 -0.004007 
0.052309 0.070815 0.012148 0.095984 0.074330 
0.006032 0.083156 -0.045278 0.013825 0.066658 
-0.000966 0.053253 -0.095660 -0.022943 0.108130 
0.092983 -0.012055 0.008111 0.064988 0.010427 
0.042345 0.042586 0.077502 0.053009 -0.031546 
-0.004484 -0.019859 0.027061 0.016614 0.085821 
0.089250 0.014975 -0.022722 -0.045228 0.047095 
-0.028190 -0.124509 -0.029014 0.024231 -0.016564 
-0.025209 -0.031288 -0.023742 0.040341 0.030385 
-0.022564 0.023760 0.018611 -0.077310 0.051696 
0.028200 0.005454 -0.045487 0.027221 -0.074627 
-0.040934 -0.110565 -0.103536 0.033125 0.041451 
-0.017540 0.013737 0.131164 -0.103202 -0.000294 
0.030605 -0.030002 0.058861 0.024425 0.055122 
0.021447 -0.043394 0.039465 -0.020523 -0.012530 
-0.003317 -0.002650 -0.020200 -0.002414 -0.060515 
0.003135 0.115504 0.005075 0.072669 0.057819 
-0.075310 0.064527 0.025999 -0.067556 0.046351 
-0.124098 -0.049305 -0.009230 -0.084801 0.068375 
-0.026781 -0.066657 0.010588 0.093986 0.017406 
0.047141 0.053480 -0.019255 0.069267 0.010659 
-0.068511 0.015815 -0.011687 0.047685 0.033658 
0.064260 0.062994 0.018822 -0.143452 0.092703 
-0.029884 -0.006035 -0.016152 -0.021618 -0.045339 
-0.049252 0.041988 -0.021510 -0.039175 -0.031350 
-0.101541 0.005832 0.055761 0.009961 0.086386 
0.007597 -0.052775 -0.079976 0.023111 0.004302 
-0.020123 0.039264 -0.062497 0.078009 0.004409 
-0.063787 0.038329 -0.055050 -0.086972 -0.084417 
0.025733 -0.011156 0.104895 0.026765 0.037827 
-0.013149 0.009709 0.004095 -0.039085 0.041414 
-0.018153 -0.088525 0.078011 -0.022509 -0.080366 
-0.047630 0.036346 0.013702 0.071239 0.024081 
0.114305 -0.072565 0.004642 0.035947 0.040623 
-0.017954 0.045965 -0.007375 -0.030016 -0.004483 
0.040170 0.083716 0.012267 0.096863 -0.028263 
0.000694 0.069353 0.024960 -0.069792 -0.070096 
-0.028321 -0.072324 0.018256 0.000091 0.049255 
0.038695 0.041521 -0.035000 -0.034223 0.090426 
-0.004319 -0.060041 0.030034 -0.014687 0.016165 
-0.139996 0.013811 0.037782 -0.083214 0.054142 
0.024863 0.017964 0.045207 0.006294 0.058657 
-0.071515 0.093447 -0.050680 -0.014853 -0.071657 
0.007823 -0.010828 -0.096918 0.050508 0.136819 
-0.042282 -0.060920 -0.006691 -0.054808 -0.055435 
0.076309 -0.048186 0.105925 -0.031527 -0.030737 
-0.043870 -0.102846 0.054550 -0.095983 0.065369 
-0.027944 0.014204 0.008256 0.035180 -0.105002 
-0.011778 0.036941 -0.007284 0.034566 0.002672 
-0.011867 0.094032 -0.081505 -0.042171 -0.012357 
0.025234 -0.142099 -0.011399 -0.092199 0.016061 
-0.007420 0.024527 0.010787 0.089568 0.009287 
0.040383 0.043550 0.036649 -0.055816 -0.039815 
0.029883 -0.031089 0.087022 0.064863 0.035410 
-0.010187 0.023054 -0.018519 -0.057105 0.026218 
-0.007645 -0.026641 -0.033134 0.044367 -0.059939 
-0.047569 0.091489 0.022502 0.013205 -0.056318 
0.041414 0.022193 0.081274 -0.006608 0.035220 
-0.012493 0.024440 -0.105974 -0.058317 -0.038994 
0.042143 0.057826 -0.117349 0.047843 0.089338 
0.065029 0.029927 -0.014494 -0.010548 -0.129518 
-0.033996 -0.030825 0.032254 -0.021848 -0.021345 
-0.065200 0.012770 0.020636 -0.034493 -0.080268 
-0.015033 -0.018599 0.076611 0.034283 -0.084435 
0.051904 0.063942 0.046362 0.039561 0.096234 
-0.030658 0.054240 0.027612 0.022042 0.112035 
-0.045512 -0.048431 -0.084263 -0.015994 0.103483 
0.045903 -0.004115 -0.021572 0.057589 0.016494 
0.013949 0.101635 0.127534 0.014985 -0.006815 
-0.053449 -0.000707 0.052773 -0.047290 0.071075 
0.041771 -0.079418 -0.026505 -0.082019 0.091756 
-0.088458 -0.055800 0.015266 0.048373 -0.028842 
0.004456 0.001112 0.005363 0.012172 -0.036807 
0.063688 0.114491 -0.034186 -0.082173 0.044547 
0.010385 0.061010 -0.075589 0.038888 -0.057732 
-0.068354 -0.091781 -0.001533 0.042343 0.007713 
-0.003066 -0.016490 0.097581 -0.008705 -0.169889 
0.041901 -0.029045 0.088606 0.028236 -0.005092 
0.087986 -0.005514 -0.001520 -0.067407 -0.036923 
0.018378 -0.001874 0.029761 -0.028224 -0.114769 
0.024657 0.082316 0.020235 0.034884 -0.039374 
0.106617 0.085265 -0.014306 -0.039880 0.059967 
-0.020866 -0.045287 -0.013407 -0.029010 0.025480 
0.020099 -0.053760 0.035241 0.067883 -0.069313 
0.022318 0.001659 -0.045385 -0.001930 0.007348 
0.027072 -0.051692 0.069337 0.012098 0.107819 
-0.026942 -0.039741 0.043295 -0.135918 0.031043 
-0.040145 -0.021705 -0.052514 0.001132 -0.030098 
-0.040748 0.046793 0.149894 -0.021036 -0.023530 
-0.040778 0.085491 0.068161 0.033268 0.032992 
-0.008355 0.008600 -0.125074 -0.034204 -0.082832 
0.030318 0.000442 -0.007943 0.113836 -0.044022 
0.015079 0.065357 -0.018956 -0.092656 -0.056274 
-0.017481 -0.004857 0.117201 -0.005233 0.069151 
0.011030 -0.024316 -0.015695 -0.011308 -0.005062 
-0.010876 -0.038919 0.032578 -0.054136 -0.121302 
-0.046807 0.041175 0.059588 0.031040 -0.027127 
0.021551 0.000830 -0.013766 0.046306 0.081467 
0.014301 -0.010731 -0.051227 -0.018797 0.043587 
0.050317 0.086115 -0.027629 0.046202 -0.084445 
0.021044 0.041527 0.005458 0.006677 0.002404 
-0.037453 -0.035957 -0.039078 -0.063247 0.088516 
0.079477 0.004030 -0.063421 -0.074051 -0.039753 
0.062917 -0.119760 -0.002471 0.000423 0.007336 
-0.124273 0.001094 -0.026391 0.070714 -0.035166 
0.037072 0.018118 0.017500 -0.050692 -0.015928 
-0.003390 -0.002367 -0.040046 0.013349 -0.041478 
-0.034407 -0.009890 -0.095593 0.109253 0.041509 
-0.062990 -0.041682 0.001528 -0.124601 -0.030128 
0.086076 0.003516 0.073015 0.024339 -0.069858 
-0.022435 -0.042554 0.107497 -0.132302 0.035124 
-0.105430 0.042327 -0.064964 0.057304 -0.092634 
-0.058398 0.052083 0.018947 0.087990 -0.026444 
0.023373 0.037085 -0.083589 0.015247 0.016566 
-0.026782 -0.070361 -0.019757 -0.109826 -0.040199 
-0.009688 -0.005408 -0.003769 0.111444 0.029897 
0.070686 0.021466 -0.052076 0.015609 -0.023854 
0.008088 -0.022084 0.052542 0.122824 -0.018174 
-0.009808 0.107602 -0.059166 -0.100824 0.082456 
-0.004737 -0.023536 -0.095212 -0.007114 -0.098814 
-0.061778 0.049247 0.025130 0.010909 -0.091691 
0.034764 -0.014047 0.002819 -0.050330 0.085399 
0.057257 -0.052435 -0.067151 -0.012311 0.040602 
-0.118166 0.053141 -0.119211 0.024274 0.027075 
-0.022345 -0.060443 -0.046916 -0.099227 -0.115958 
-0.071020 0.015499 0.055810 -0.012697 0.010803 
-0.051685 -0.097540 0.013970 -0.096689 -0.060525 
0.010422 0.018434 0.151855 0.015230 -0.080804 
0.040130 0.043946 0.022887 0.043819 -0.027371 
0.037213 0.059423 -0.040656 0.141843 0.065180 
-0.083238 0.057208 -0.113200 -0.056009 0.030056 
0.060522 -0.054570 0.006137 0.062833 -0.081547 
0.002753 0.037357 0.055441 0.049180 -0.017699 
-0.006225 0.029216 0.040657 0.016328 0.041969 
0.058998 -0.067000 0.002571 -0.008178 0.027776 
-0.026103 -0.049399 0.093279 0.052313 -0.029958 
-0.070689 -0.054589 0.027325 -0.010464 -0.000604 
0.009479 0.125126 0.086072 -0.052874 0.065774 
0.003009 0.013855 -0.088166 0.018907 -0.064212 
0.023827 -0.024022 -0.121652 0.032035 0.015278 
0.023427 -0.027194 0.066092 -0.100117 -0.048548 
0.013755 0.005344 0.038451 -0.000513 0.018468 
0.065931 -0.062001 0.035615 -0.067561 -0.013315 
0.045441 -0.016064 0.010535 0.035953 -0.068093 
0.035872 0.097935 -0.025516 0.061435 0.028137 
-0.042656 0.110708 -0.022981 -0.052860 -0.009583 
-0.084678 -0.040172 -0.092364 0.061778 0.003794 
-0.002964 -0.047375 -0.029968 0.090529 -0.045382 
0.103144 0.034998 -0.012760 0.013885 0.048887 
-0.049886 -0.034647 0.061193 0.058574 0.084107 
-0.022304 -0.008817 0.036857 -0.119972 0.000619 
-0.079467 -0.031710 -0.108927 -0.033843 -0.034845 
-0.125290 0.079806 -0.011673 -0.070719 -0.063897 
-0.051524 0.042071 0.082303 -0.016684 0.053366 
0.024657 -0.062913 -0.040533 -0.032117 -0.013188 
0.036519 0.055734 -0.134481 0.055949 -0.050480 
0.002035 0.010998 -0.064264 -0.078569 -0.026404 
-0.017580 0.005453 0.068795 -0.031274 0.024178 
-0.038245 -0.037973 -0.013256 -0.072256 0.057358 
-0.004941 -0.047850 0.119977 -0.015040 -0.079231 
-0.013449 -0.005542 0.028890 0.032536 -0.020619 
0.083769 -0.028624 0.049040 0.021538 0.104107 
-0.072475 0.019284 -0.044425 -0.058775 0.061172 
0.025682 0.004208 0.041846 0.095369 0.007892 
0.030701 0.062103 -0.086288 -0.068866 -0.110743 
0.052685 -0.069032 0.010339 0.044804 0.106157 
0.105575 0.017263 -0.110890 -0.040735 0.061412 
0.021037 -0.102095 0.039008 0.010335 0.005686 
-0.108307 0.057569 -0.004539 -0.019864 0.033710 
-0.031254 0.013482 0.035051 0.014893 -0.001676 
-0.053780 0.014329 -0.037130 0.010087 -0.043959 
0.031302 -0.006715 -0.065618 0.066261 0.071102 
-0.085133 -0.020753 0.050721 -0.042021 0.006613 
0.038123 0.041345 0.095993 -0.028353 -0.008509 
-0.039544 -0.069281 0.047585 -0.020085 0.000819 
0.000478 0.017818 0.008015 0.068812 -0.184380 
-0.073606 0.120550 -0.032173 0.058092 0.024132 
-0.016705 0.130871 -0.094852 0.044256 0.003919 
-0.002119 -0.026963 -0.003553 -0.110166 0.083113 
-0.008545 -0.026785 0.025936 0.069075 0.054271 
0.029418 0.039817 0.040088 -0.036680 -0.073300 
-0.003368 -0.074471 0.111772 0.030913 -0.018960 
-0.040689 0.058799 -0.017810 -0.064269 0.071408 
-0.022927 -0.077256 -0.075665 0.100717 -0.099471 
0.004792 0.063353 -0.017202 -0.012465 -0.052031 
0.015659 0.049801 0.020300 0.001231 0.061694 
-0.002196 -0.039936 -0.095913 -0.006760 -0.036261 
-0.004827 -0.023039 -0.062452 0.023724 0.043337 
0.002849 -0.004311 -0.067199 -0.039365 -0.082845 
-0.036454 -0.014788 0.059651 -0.039192 -0.021445 
-0.003667 -0.011645 0.021036 -0.006220 -0.025338 
0.010705 -0.002077 0.043196 0.035112 -0.036895 
0.017671 0.003759 0.106991 0.040822 0.011089 
-0.048837 0.025240 -0.002343 0.015983 0.080230 
-0.005045 -0.000454 -0.055852 -0.004494 0.084580 
0.044207 -0.018164 -0.035672 0.024802 -0.028216 
0.026617 0.021648 0.082157 0.012675 -0.049856 
0.001020 -0.118363 0.069854 -0.038161 0.096174 
0.032049 -0.035139 -0.015943 -0.028306 0.055425 
-0.092742 -0.074326 0.010130 -0.020646 0.043131 
-0.014246 -0.037891 0.006922 0.059464 -0.023168 
0.059938 0.021652 -0.004602 -0.005103 0.062343 
0.000410 0.032704 -0.087978 0.042098 -0.008283 
0.000714 -0.078595 0.004443 0.036763 0.004995 
-0.050964 0.045909 0.038942 -0.052841 -0.054318 
0.033939 -0.020268 0.019574 0.029805 -0.002001 
0.068470 -0.056316 0.007236 -0.031313 -0.066063 
-0.003425 0.022247 -0.018479 -0.008040 -0.105011 
-0.109717 0.132884 0.056892 0.052155 -0.073444 
0.051067 0.107179 0.014594 -0.036657 0.110846 
-0.009896 -0.042527 -0.082220 -0.007607 0.057007 
-0.034754 0.003213 0.041643 0.142016 -0.007658 
0.012781 0.014366 -0.021935 0.010511 0.028021 
0.002082 -0.027023 0.055247 0.097082 0.111840 
0.040151 -0.019830 -0.007033 -0.097207 0.026595 
-0.069875 -0.070451 -0.049743 0.053253 -0.019762 
-0.078475 0.043019 0.022103 -0.033625 -0.008627 
0.058858 0.080427 0.060029 0.002771 0.041250 
0.030257 -0.044059 -0.001226 -0.060544 -0.126844 
-0.029407 -0.021079 -0.108126 0.070012 -0.006653 
0.013084 0.090992 -0.002726 -0.070041 -0.006757 
-0.017571 0.027459 0.103937 0.003012 0.038213 
-0.007808 -0.011937 -0.015457 -0.033181 0.012816 
0.010199 -0.056227 0.006057 -0.017569 -0.098687 
0.006000 0.076819 0.022272 0.082508 -0.058508 
0.031808 0.054009 0.007871 0.055301 0.070296 
0.023941 0.025656 -0.005875 -0.068203 0.027482 
0.036615 0.026218 -0.011406 0.026235 -0.022002 
-0.011161 0.120568 0.023165 -0.010473 0.002080 
-0.033028 -0.043255 -0.030454 0.009261 0.113350 
0.023271 -0.015934 -0.037492 -0.032890 0.016928 
0.020967 -0.090717 -0.016510 0.070725 -0.063975 
-0.097203 0.017597 0.016946 0.027298 -0.016049 
-0.019287 -0.005319 0.019000 -0.037327 -0.040993 
-0.003975 0.027897 -0.095076 -0.010053 -0.014610 
0.005584 -0.024009 0.000599 0.082121 0.098790 
0.005987 -0.036027 -0.067221 -0.128015 -0.052111 
0.056606 -0.020029 0.012172 -0.018025 -0.028588 
-0.015169 -0.087101 0.044526 -0.022464 0.054835 
-0.084369 -0.058286 -0.039363 -0.003339 -0.116729 
-0.051506 0.079944 -0.023815 0.113004 -0.052120 
-0.012383 0.075636 -0.024387 -0.039200 0.032050 
-0.031568 -0.140199 -0.082589 -0.060485 -0.013115 
0.092001 -0.002684 -0.027087 0.111635 0.050016 
0.077055 -0.010441 -0.006942 -0.026898 -0.083879 
-0.008401 -0.026725 0.049993 0.043707 0.027966 
-0.019866 -0.057701 -0.086619 -0.114361 -0.008921 
-0.039708 -0.122519 -0.074209 0.014381 -0.065102 
-0.023419 0.118673 -0.000005 0.071661 -0.127659 
-0.009184 0.020308 0.019151 -0.054484 0.096378 
0.016102 -0.060605 -0.128655 -0.004225 0.079251 
-0.021895 0.024065 -0.097479 0.045279 -0.036151 
-0.045806 0.005106 0.000093 -0.074415 -0.071654 
-0.067599 -0.017537 0.050178 0.015860 -0.018919 
-0.015382 -0.057989 0.032437 -0.039627 -0.030285 
0.015438 -0.005533 0.110416 -0.004137 -0.030336 
0.085365 0.089779 0.061676 0.017178 -0.016279 
0.028526 0.055656 0.008566 0.000706 0.124966 
-0.018124 0.040023 -0.067773 0.028532 0.098381 
0.062832 -0.038523 0.003865 0.065698 -0.026661 
0.076081 0.062167 0.112325 0.052139 -0.040826 
0.003747 -0.052113 0.013442 0.002756 0.102858 
0.040603 -0.012693 0.031245 -0.046645 -0.003625 
-0.024647 -0.062463 0.000476 0.024807 -0.036286 
-0.003083 -0.015952 -0.016156 0.002976 0.016598 
-0.015092 0.058522 0.011542 -0.046504 0.009174 
0.097896 0.056220 -0.055387 0.022356 -0.126788 
0.024795 -0.092333 -0.084406 -0.010051 0.060835 
0.013338 -0.010735 0.052739 -0.119952 -0.093185 
0.010522 -0.001505 0.056134 0.038675 0.016542 
0.005217 -0.061424 0.071990 -0.028908 0.011826 
-0.009221 -0.010760 0.023849 0.034664 -0.066108 
0.018587 0.070818 0.013554 0.106469 0.035530 
-0.060716 0.072344 0.010625 -0.017888 0.006548 
-0.122347 -0.080419 -0.039979 -0.045658 -0.046576 
-0.040526 -0.039641 -0.048709 0.067016 0.023042 
0.064800 0.099396 -0.064314 0.005665 -0.025960 
-0.094387 -0.056820 0.015466 0.086382 0.024902 
-0.019486 0.021888 0.000550 -0.168957 0.071388 
-0.019935 -0.042118 -0.040820 -0.012013 -0.072063 
-0.004249 0.039160 0.010084 -0.080610 -0.043915 
-0.101425 0.074442 0.035350 0.051348 0.051160 
-0.031631 -0.053381 -0.062261 -0.020441 -0.031251 
0.050923 0.000358 -0.074646 0.076663 -0.042498 
-0.033718 0.037025 -0.017087 -0.091951 0.017983 
0.015622 0.007807 0.087203 -0.061047 0.077306 
-0.049822 0.015499 0.035918 -0.044388 0.034786 
-0.003435 -0.072680 0.042506 -0.004200 -0.024834 
-0.034415 0.065814 0.079911 0.117115 0.013096 
0.065811 0.001560 0.054427 0.085716 0.083343 
-0.034994 0.035815 -0.034661 -0.032421 0.000133 
0.021908 0.041958 -0.008418 0.091804 -0.023169 
0.019306 0.087287 0.064984 -0.052908 -0.010301 
-0.022717 -0.062698 0.029605 0.020970 0.011270 
0.049229 -0.033794 -0.040198 -0.068419 0.063147 
-0.023097 -0.079045 -0.010748 -0.064320 -0.011785 
-0.108984 0.015970 -0.038308 0.017991 0.062400 
-0.000719 0.044392 0.034008 -0.020969 0.006446 
-0.044457 0.044495 -0.084323 -0.014046 -0.057116 
0.037862 -0.024751 -0.045926 0.007665 0.082611 
-0.081497 -0.013395 -0.026864 -0.040485 -0.031100 
0.095144 0.005947 0.063254 0.009423 0.031198 
0.008443 -0.078212 -0.002275 -0.025354 0.048808 
0.003982 0.011608 -0.005923 0.061556 -0.091653 
-0.028425 0.056332 0.005018 0.007136 0.010607 
0.039647 0.145962 0.007951 -0.017526 -0.039745 
0.023022 -0.066844 -0.047384 -0.044307 0.041848 
-0.056589 0.034263 -0.033277 0.073824 -0.030747 
0.009451 0.005157 -0.048186 -0.045749 -0.054258 
-0.003301 0.004995 0.071505 0.029585 0.050033 
-0.064837 0.012928 0.002785 -0.117405 0.045317 
-0.026899 -0.051475 -0.054625 0.064955 -0.136139 
-0.083576 0.066985 0.000964 0.024630 -0.036989 
0.049229 0.047537 0.090953 0.036197 0.054765 
0.062892 0.045061 -0.097460 0.009938 -0.027736 
-0.008479 0.053538 -0.125219 0.036747 0.027556 
-0.017214 0.036754 0.009736 -0.087187 -0.089725 
-0.002417 -0.039070 0.076625 0.018126 0.032402 
-0.035537 -0.003939 -0.001806 0.018436 -0.060172 
-0.024517 0.048085 0.052646 0.044561 -0.126681 
-0.005381 0.059991 0.064924 0.047878 0.043526 
-0.079817 0.034296 -0.009242 0.037169 0.115281 
-0.015147 -0.019430 -0.077776 -0.033431 0.076276 
0.023914 0.014924 -0.049231 0.048491 -0.012740 
0.023873 0.121027 0.067832 -0.009223 -0.039188 
-0.018355 -0.042663 0.070587 -0.003855 0.077791 
0.036307 -0.069362 -0.035976 -0.011638 0.103907 
-0.055984 -0.110967 -0.002537 -0.016356 -0.022701 
-0.018211 0.017831 -0.009534 0.011128 -0.026445 
0.071893 0.028948 0.017993 -0.055001 0.032913 
0.013143 0.141940 -0.030668 -0.010630 -0.075402 
-0.008241 -0.097950 -0.070541 0.086461 0.063873 
0.010107 -0.006389 0.086778 -0.017779 -0.056644 
0.040699 -0.054122 0.073702 -0.008815 0.011806 
0.020978 -0.004901 0.046808 -0.038708 -0.048713 
0.065026 -0.042069 0.030306 -0.003984 -0.125105 
0.020044 0.154911 0.060110 0.041504 0.013796 
0.003360 0.144327 -0.056583 -0.031643 0.021938 
-0.082644 -0.117123 -0.032869 -0.004149 0.019806 
0.007405 -0.051019 -0.020896 0.133232 -0.028058 
0.050897 0.015399 -0.022377 0.012018 0.002474 
-0.031801 -0.041942 0.020380 0.018326 0.106183 
0.038954 -0.045696 0.017961 -0.080241 0.038198 
-0.031449 -0.026191 -0.079952 0.035385 -0.053671 
-0.055347 0.103293 0.049459 -0.008219 0.010257 
-0.061794 0.124358 0.049411 0.069306 0.034282 
-0.013114 -0.040074 -0.071968 -0.195520 -0.088871 
-0.030547 -0.024227 -0.047665 0.132613 0.012253 
0.036726 0.018979 -0.021295 -0.120084 -0.050532 
-0.020265 0.013963 0.136035 -0.067105 0.051832 
0.013865 -0.036402 0.005526 -0.042230 -0.022246 
-0.030844 -0.014871 0.097708 -0.055950 -0.060091 
-0.107193 -0.000749 0.094279 0.066459 0.015231 
0.068358 0.042724 -0.020943 0.012438 0.110596 
-0.022189 0.026125 -0.011649 0.004604 0.037204 
0.039096 0.065797 0.045162 -0.003834 -0.056679 
0.017104 0.070007 -0.005419 -0.016435 -0.000214 
-0.097253 -0.033412 -0.004272 0.021730 0.092887 
0.039513 -0.027819 -0.045420 -0.062670 -0.013033 
0.033957 -0.040429 -0.018152 0.020048 0.015966 
-0.083740 0.050010 0.032999 0.053057 -0.072973 
0.000797 0.028222 0.063769 -0.045254 -0.001401 
-0.008530 0.000350 -0.050423 0.016321 -0.077400 
-0.017818 -0.062015 -0.039769 0.103694 0.123584 
0.004844 -0.068111 -0.008528 -0.128884 -0.003312 
0.098749 0.025292 0.013547 0.007157 -0.032589 
-0.024049 -0.074941 0.062923 -0.112079 -0.008534 
-0.046211 0.028223 -0.041903 -0.001378 -0.077507 
-0.015178 0.093495 -0.033668 0.043904 -0.026096 
0.008741 0.024695 -0.042365 0.063246 0.013544 
-0.021438 -0.018498 -0.060824 -0.093599 -0.003304 
0.013206 0.019776 0.011491 0.115257 0.066627 
0.042660 0.045968 -0.044189 -0.056683 0.002399 
0.025400 -0.031109 0.037612 0.112170 0.041814 
0.005019 -0.013887 -0.051704 -0.065646 0.030095 
-0.006617 -0.067206 -0.053773 0.020368 -0.060694 
-0.042554 0.031959 0.034480 -0.016413 -0.056939 
0.026266 0.003617 0.032682 -0.066017 0.064464 
0.025224 -0.014523 -0.107735 -0.028243 0.015327 
-0.027555 0.013037 -0.049117 0.015929 -0.001301 
-0.010874 -0.018588 -0.021124 -0.055630 -0.102228 
-0.048525 -0.057257 0.083344 0.005472 0.060981 
-0.022083 -0.107351 -0.002309 -0.015487 -0.065168 
0.011812 -0.029764 0.117191 0.062742 -0.062476 
0.020253 0.014273 0.020564 0.047570 -0.021837 
0.006995 0.009213 -0.047359 0.072944 0.095512 
0.010178 0.039050 -0.077791 -0.020722 0.021947 
0.090992 -0.061050 -0.090772 0.081786 -0.045653 
-0.012634 0.036482 0.058533 -0.002696 -0.033458 
-0.040412 0.012196 0.010799 -0.011791 0.110559 
0.009821 -0.036074 0.066220 -0.015518 0.056690 
-0.027127 -0.071116 0.031944 0.079010 -0.022395 
-0.039431 -0.000384 -0.014285 0.016850 0.033711 
0.008705 0.100114 0.041438 -0.100989 0.011356 
-0.046625 -0.040932 -0.139483 0.054309 -0.063813 
-0.012343 -0.055168 -0.096047 0.031057 -0.034404 
0.061917 0.022545 0.077964 -0.061018 -0.028539 
-0.002541 -0.030177 0.006468 -0.005315 0.042803 
0.027882 -0.101187 0.073519 -0.048492 -0.034044 
0.063858 -0.051841 -0.034119 0.025079 -0.055338 
0.022337 0.072417 -0.039178 0.093515 0.010215 
-0.063332 0.136724 -0.034306 -0.068709 0.036614 
-0.060321 0.003109 -0.064068 -0.001911 0.026497 
-0.043444 0.005220 -0.028260 0.089346 -0.073713 
0.082013 0.000948 -0.079297 0.077331 0.007199 
0.013959 -0.089135 -0.001973 0.083595 0.061678 
-0.027937 0.074507 0.052481 -0.156418 -0.008126 
-0.077649 -0.025098 -0.028822 0.031584 -0.062854 
-0.037974 0.052900 -0.008246 -0.058382 0.007371 
-0.059698 0.005125 0.103990 0.035731 0.076498 
0.045455 -0.034656 -0.089189 0.010512 -0.022809 
0.023399 0.080456 -0.046407 0.119537 -0.046816 
0.011054 0.024797 -0.075119 -0.091853 0.017319 
0.022797 0.030783 0.051211 -0.054302 0.035466 
-0.053426 0.002530 0.020784 -0.089056 0.007237 
0.031757 -0.019566 0.082209 -0.018737 -0.006975 
-0.032879 0.000924 0.069241 0.009323 0.017753 
0.041898 0.020597 0.000749 0.046727 0.117703 
-0.020501 0.027483 -0.056525 -0.059522 0.018749 
0.025171 0.033068 0.005911 0.134204 0.011451 
0.038296 0.086523 -0.027888 -0.033250 -0.035178 
0.043617 -0.108778 0.024102 0.016641 0.092810 
0.073643 0.030016 -0.066742 -0.010738 0.064668 
0.039526 -0.112082 -0.032794 -0.037218 0.027811 
-0.128246 0.003025 -0.070009 -0.076832 -0.013242 
-0.030105 0.038807 0.066675 0.013770 0.023016 
-0.094473 0.028346 -0.050126 -0.043963 -0.011618 
0.017048 -0.083869 -0.023363 0.030985 0.027338 
-0.080760 -0.055583 0.032162 -0.032668 -0.036833 
0.058238 0.020173 0.050309 -0.009187 0.009272 
-0.051130 -0.060180 0.014297 -0.085720 0.033908 
-0.002635 0.061924 -0.014460 0.025310 -0.143366 
-0.086237 0.079075 -0.057641 0.027727 0.053345 
0.030701 0.128530 -0.096663 0.028249 -0.038583 
-0.041418 -0.078768 -0.009950 -0.139435 0.050946 
-0.001476 -0.004529 -0.005454 0.042876 0.012496 
0.037365 0.037258 -0.009785 -0.014137 -0.075187 
-0.015646 -0.084672 0.066850 0.049159 0.022652 
-0.100018 0.030626 -0.031693 -0.026283 0.098183 
0.037095 -0.031902 -0.082082 0.064108 -0.081413 
-0.016931 0.069276 0.025553 0.019033 -0.009843 
0.021095 0.006896 0.091735 -0.006895 0.125729 
-0.038132 -0.025017 -0.094419 0.023870 0.012859 
-0.032674 0.010226 -0.092226 -0.004873 0.064962 
-0.006137 0.026959 -0.019304 -0.064646 -0.056343 
-0.049825 -0.021361 0.067875 -0.021989 0.008580 
-0.036917 -0.006108 0.023764 -0.015728 -0.098608 
0.056344 -0.043710 0.075790 0.016095 -0.079516 
0.016637 0.054791 0.091656 0.119050 -0.037915 
0.002929 -0.026705 -0.038725 0.031207 0.092135 
-0.016211 0.014904 -0.012804 -0.003882 0.145488 
0.013740 -0.018092 -0.113500 0.052133 -0.037974 
0.032356 0.065081 0.054718 -0.006753 -0.115419 
-0.041122 -0.070389 0.024012 -0.033000 0.078595 
0.002090 -0.003576 0.025975 -0.029200 0.073729 
-0.067545 -0.099515 0.068346 0.036494 -0.010089 
-0.040395 -0.024474 0.000906 0.004180 -0.011648 
0.077079 0.062025 0.048336 -0.047553 0.020667 
-0.034650 0.102764 -0.088833 0.063548 -0.063948 
0.004926 -0.075665 -0.010204 0.077117 0.008604 
0.016964 -0.006119 0.015651 -0.060279 -0.084239 
0.021175 -0.041494 0.062789 0.023042 -0.049413 
0.030400 -0.088557 -0.027424 -0.038734 -0.047767 
-0.039267 -0.007115 -0.095571 0.040131 -0.172339 
-0.015514 0.125809 0.002775 0.011847 -0.039818 
0.003508 0.088794 -0.016537 -0.041801 0.077773 
-0.025099 -0.015829 -0.087113 -0.031825 0.018394 
-0.033412 -0.037361 0.054089 0.082347 -0.078775 
0.044163 -0.001941 -0.036779 0.006281 0.033103 
-0.019683 0.013567 0.044802 0.035896 0.099997 
0.048928 0.024331 0.024339 -0.119730 -0.020516 
0.003938 -0.049114 -0.020101 0.025056 -0.039189 
-0.111669 0.015432 0.107806 0.009106 -0.041783 
0.004427 0.114069 0.035561 0.004165 0.048624 
0.065296 -0.020221 -0.112241 -0.024621 -0.104499 
0.040792 -0.042481 -0.126163 0.113850 0.052426 
0.045897 0.073140 -0.038559 -0.101637 -0.010880 
0.014157 0.016488 0.118415 -0.003117 0.015104 
0.005410 -0.047124 -0.034323 -0.038341 0.011107 
-0.021536 -0.087493 0.030662 0.003416 -0.087892 
-0.019840 0.053393 0.053193 0.082340 -0.013319 
0.013522 0.032147 -0.036372 0.021664 0.058868 
0.001821 0.053133 0.015237 -0.029422 0.049671 
0.032518 0.054852 -0.061126 0.052882 0.005097 
-0.000200 0.077584 0.023798 -0.015922 -0.043740 
-0.019244 -0.065261 -0.001356 0.041977 0.064243 
0.006831 0.025573 -0.039113 -0.067333 0.007728 
0.061532 -0.086024 0.037808 0.024787 -0.036093 
-0.148755 -0.014995 0.025827 -0.017793 -0.025363 
0.010676 -0.014283 0.038621 -0.041757 -0.018561 
-0.004984 0.048476 -0.027007 0.007045 -0.010409 
0.017155 -0.042986 -0.059561 0.084763 0.072516 
-0.014595 -0.020495 -0.009080 -0.061622 -0.023300 
0.018242 0.008783 0.036423 -0.001710 -0.025459 
-0.030263 -0.038355 0.112339 -0.013108 0.030839 
-0.050166 -0.045350 -0.006927 0.057254 -0.090539 
-0.052734 0.030495 -0.028123 0.095772 0.021287 
0.004939 0.065006 -0.066334 0.009532 0.009978 
0.000692 -0.079650 -0.130620 -0.025115 -0.037193 
0.028545 -0.011885 -0.018329 0.101976 0.056169 
0.074905 -0.039652 -0.019531 -0.031025 -0.031945 
-0.004999 -0.024155 0.051113 0.063966 -0.016577 
-0.028105 0.007520 -0.098547 -0.151585 0.016061 
-0.011144 -0.064311 -0.071227 -0.012819 -0.089185 
-0.011034 0.126948 0.065626 0.030017 -0.077054 
-0.016170 -0.011244 -0.030183 -0.068083 0.115571 
0.004514 -0.032999 -0.119452 -0.052594 0.048244 
0.006761 0.001824 -0.082055 0.063269 0.016468 
-0.015038 0.008738 -0.042234 -0.087201 -0.135683 
-0.058265 -0.010563 0.099495 0.035913 0.016120 
0.022021 -0.060263 0.058709 -0.025272 -0.069868 
-0.012474 -0.023791 0.072270 0.012475 -0.047178 
0.065743 0.022110 0.027334 0.039002 0.034057 
0.056588 0.090825 -0.083277 0.062553 0.045167 
0.016230 0.042246 -0.055865 -0.029814 0.063583 
0.101556 -0.041974 0.065108 0.059385 -0.023394 
0.067253 0.003519 0.053386 0.071879 -0.052816 
-0.014833 -0.034839 0.008862 0.040661 0.076481 
0.113195 -0.022318 0.022988 -0.047563 0.021223 
-0.031776 -0.097003 0.010273 0.070963 -0.088181 
-0.014952 -0.044557 -0.040211 0.027326 0.055263 
-0.027993 0.036839 0.059553 -0.085166 0.023284 
0.081938 0.013347 -0.056030 0.032386 -0.078191 
-0.012334 -0.065844 -0.082412 0.021620 0.049765 
0.021974 0.064777 0.116942 -0.066893 -0.029098 
0.063773 -0.015678 0.036050 -0.001531 0.050204 
-0.007431 -0.053256 0.019949 -0.084515 -0.052331 
0.003628 -0.002831 0.028651 -0.022563 -0.068663 
-0.046864 0.085680 0.035073 0.090355 0.076019 
-0.033539 0.078709 0.049120 -0.058380 0.063174 
-0.067044 -0.040988 -0.024670 -0.076422 0.022349 
-0.059226 -0.063296 -0.024667 0.109900 -0.039214 
0.081493 0.061838 -0.018769 0.054117 0.049416 
-0.039105 -0.000888 -0.008740 0.069660 0.056013 
-0.013119 0.088704 0.005989 -0.118940 0.055085 
-0.021830 -0.027348 -0.037636 -0.044645 -0.013684 
-0.033348 0.066928 -0.026840 -0.074085 -0.052255 
-0.095346 0.073214 0.052368 0.000793 0.036896 
0.029109 -0.040256 -0.063044 -0.008606 -0.000437 
0.037406 0.035413 -0.064896 0.100694 -0.002451 
-0.062127 -0.005213 -0.045513 -0.099165 -0.029096 
0.046180 -0.038707 0.091676 -0.027947 0.081059 
-0.051970 0.036875 -0.002862 -0.034628 0.032122 
-0.042473 -0.133086 0.097766 0.014513 -0.057376 
-0.026905 0.025345 0.058654 0.088520 0.021655 
0.068829 -0.068890 0.073760 0.037294 0.067743 
0.004270 0.030315 -0.017342 -0.022912 0.021230 
0.027415 0.010279 0.033049 0.105463 -0.080985 
-0.024846 0.118625 0.017407 -0.060377 -0.071617 
-0.034814 -0.031741 0.033114 -0.008946 0.044965 
0.026382 0.068195 -0.053337 -0.079506 0.089886 
0.019186 -0.075490 -0.002131 -0.014334 0.010145 
-0.102313 0.044049 0.024515 -0.079086 0.105318 
0.030157 0.019277 0.009149 -0.002192 0.035223 
-0.093034 0.037988 -0.056189 0.005485 -0.070967 
0.093206 -0.017940 -0.068121 0.025189 0.098473 
-0.047072 -0.057202 0.027986 -0.068841 -0.023193 
0.059350 -0.020968 0.125734 -0.015897 0.013012 
-0.018615 -0.122453 -0.008474 -0.064049 0.013910 
0.021902 0.037915 0.039737 0.028260 -0.089535 
-0.052408 0.036171 0.024766 0.038944 0.043725 
0.068495 0.097351 -0.051536 -0.026994 0.009734 
0.022521 -0.085412 -0.004269 -0.068523 0.026057 
-0.003617 0.002555 -0.024622 0.075742 0.024453 
0.043622 0.048992 -0.003958 -0.051371 -0.010372 
-0.009291 -0.026649 0.112796 0.034440 0.000480 
0.000993 0.012835 -0.024524 -0.086702 0.076990 
-0.012872 -0.012272 -0.049239 0.045637 -0.100430 
-0.080402 0.098860 -0.001607 -0.027740 -0.028447 
0.010187 0.049316 0.064463 -0.032244 0.096351 
0.042173 -0.014830 -0.130350 -0.065157 -0.020131 
0.011826 0.043958 -0.096975 0.094420 0.065360 
0.008046 0.034625 0.022699 -0.011948 -0.162034 
-0.028577 -0.049031 0.062518 0.027121 0.011773 
-0.062840 -0.028274 0.019513 0.004294 -0.058221 
0.015044 0.032322 0.078632 0.074899 -0.089319 
0.012740 0.036679 0.061490 0.073955 0.074210 
-0.042945 0.081229 0.003752 -0.027289 0.107675 
0.028637 -0.027527 -0.094485 -0.014081 0.106655 
0.037034 -0.046495 -0.057983 0.047583 0.007322 
-0.000480 0.084590 0.058447 0.010057 -0.044796 
-0.035563 -0.017414 0.104652 -0.101773 0.088697 
0.008873 -0.059058 -0.074754 -0.068039 0.080127 
-0.042104 -0.067599 0.033969 0.019253 -0.038611 
0.007952 0.028316 -0.003028 0.025731 -0.031708 
0.103465 0.087113 0.002288 -0.034732 0.000345 
0.011011 0.084188 -0.047564 0.007324 -0.100708 
-0.031667 -0.084195 -0.045309 0.035772 0.029785 
-0.003803 0.041355 0.070690 -0.006148 -0.101234 
0.036078 -0.057998 0.086587 0.069468 -0.017787 
0.043517 -0.032858 -0.018033 -0.080238 -0.054284 
0.011916 -0.027168 0.032061 0.004608 -0.164665 
0.024300 0.127777 -0.001633 0.037157 -0.077063 
0.079112 0.092827 -0.045527 0.012537 0.048156 
-0.028838 -0.088344 -0.058200 -0.001037 0.009927 
0.005766 -0.051805 0.035975 0.103039 -0.118515 
0.040739 0.028846 -0.010371 -0.011677 -0.017552 
-0.012737 -0.062534 0.096752 0.040808 0.067058 
-0.016128 -0.050826 0.049568 -0.159884 0.104117 
-0.060870 -0.026777 -0.040150 0.003038 0.011219 
-0.047457 0.044509 0.104699 -0.061694 -0.048700 
-0.028345 0.058571 0.115771 0.060865 0.049165 
-0.017126 -0.029090 -0.087904 -0.040448 -0.053762 
-0.009906 0.012529 -0.107155 0.136828 -0.025232 
0.019743 0.120518 -0.033402 -0.147125 -0.096492 
-0.011562 -0.010821 0.143581 -0.029410 0.012515 
-0.007255 -0.051247 -0.015950 -0.001080 -0.021038 
0.033604 -0.082138 0.032578 -0.050610 -0.097139 
-0.058199 0.107657 0.105983 0.027511 -0.023155 
0.031791 0.024300 -0.017968 0.063148 0.049343 
-0.007836 -0.006517 -0.013473 -0.004970 0.056535 
0.020974 0.047090 0.009318 0.062741 -0.066064 
0.049383 0.062600 -0.007244 0.025406 -0.011447 
-0.019044 -0.033373 -0.012008 -0.020777 0.089488 
0.069039 -0.039904 -0.061004 -0.104096 0.011128 
0.072522 -0.048600 -0.051581 0.021177 0.001740 
-0.135630 0.074921 0.010935 0.054793 -0.041526 
0.024169 0.044285 0.017189 -0.023435 -0.022755 
-0.018169 0.007995 -0.068248 -0.015644 -0.055355 
-0.008988 0.013394 -0.130934 0.055860 0.075055 
-0.024869 -0.072987 0.105486 -0.141599 -0.052593 
0.104369 -0.026032 0.010393 0.003048 -0.077763 
0.020642 -0.054726 0.098890 -0.062038 -0.008284 
-0.030920 0.041949 -0.052596 0.055867 -0.059301 
-0.027785 0.067366 -0.015217 0.061893 -0.058155 
0.044323 0.038825 -0.048558 0.026668 0.056475 
-0.042396 -0.044360 -0.073532 -0.092982 -0.055163 
-0.002151 -0.047433 0.007696 0.110986 0.055177 
0.038644 0.059219 -0.050130 -0.016829 -0.018164 
-0.003120 -0.055675 0.097769 0.119773 0.017092 
-0.022682 0.021229 -0.029792 -0.117466 0.066111 
0.065948 -0.074617 -0.074175 0.016698 -0.071365 
-0.047641 0.063671 0.005349 -0.039942 -0.093589 
0.065751 0.017235 0.035630 -0.031694 0.061852 
0.053612 -0.016144 -0.071008 -0.029225 0.066491 
-0.040345 0.042471 -0.075360 0.066743 0.050696 
-0.014316 -0.034336 0.016703 -0.103271 -0.081002 
-0.052827 0.007353 0.046627 0.008461 0.049725 
-0.003406 -0.093149 0.006210 -0.055973 -0.057089 
-0.020200 0.012346 0.141207 0.045917 -0.012261 
0.039647 0.050373 0.056749 0.072718 0.002752 
0.004009 0.038716 -0.039473 0.082663 0.054674 
-0.004500 0.042366 -0.110686 -0.077697 0.039758 
0.051345 0.003071 -0.019544 0.063662 -0.082557 
0.025358 0.016659 0.029266 0.011585 -0.055014 
-0.026965 0.026974 0.018085 -0.022347 0.075107 
0.063294 -0.046595 0.032484 -0.030675 0.062036 
-0.033627 -0.064331 0.081940 0.081033 -0.050699 
-0.046257 -0.013797 -0.008749 -0.013019 0.018478 
-0.008139 0.075257 0.092736 -0.053166 0.014791 
-0.013803 0.044603 -0.116267 0.032848 -0.092134 
0.020647 -0.052370 -0.128516 0.004475 -0.043562 
0.036375 -0.002867 0.103214 -0.109219 0.008372 
-0.017374 -0.021978 0.020315 0.012816 0.005703 
0.099649 -0.047777 0.054769 -0.025362 -0.003862 
0.036146 -0.000369 -0.000853 0.012461 -0.032338 
0.013247 0.073478 -0.020868 0.034203 0.002982 
-0.016316 0.149713 0.002631 -0.081349 -0.020016 
-0.155943 -0.058299 -0.046014 0.027098 0.028942 
-0.011857 -0.022016 0.017303 0.105805 -0.012430 
0.086002 -0.009549 -0.071369 -0.005224 0.013152 
-0.032159 -0.053343 0.027646 0.043468 0.037717 
-0.009747 0.013014 0.058424 -0.101661 -0.010004 
-0.053787 -0.020784 -0.072472 -0.041184 -0.087878 
-0.077459 0.062841 0.011552 -0.085703 -0.035239 
-0.018818 0.030430 0.040444 -0.042755 0.041121 
0.003887 -0.025745 -0.049363 -0.025894 -0.054378 
0.070007 -0.019364 -0.141059 0.039915 -0.045332 
0.024336 0.030320 -0.082784 -0.048936 -0.027234 
0.020447 0.007182 0.084824 -0.045970 0.027752 
-0.009759 -0.023702 -0.008379 -0.071048 0.015064 
0.009395 -0.052442 0.130155 -0.011644 -0.014787 
-0.021138 0.024468 0.045928 0.043163 -0.030898 
0.065143 -0.014501 -0.008479 -0.017099 0.098271 
-0.038323 0.004035 -0.061317 -0.041506 0.038436 
0.055127 0.060303 0.044674 0.128814 0.038762 
0.086495 0.069068 -0.070150 -0.089410 -0.054372 
0.033209 -0.096623 0.034209 0.050531 0.038502 
0.059019 0.043258 -0.045121 -0.063876 0.049971 
0.014954 -0.153720 0.031755 -0.021388 0.014803 
-0.125385 0.063700 -0.019166 -0.095829 0.022129 
-0.035969 0.041896 0.030461 -0.015321 -0.015067 
-0.040013 0.024331 -0.015398 -0.008113 -0.019773 
0.027804 -0.039993 -0.074170 0.033667 0.046367 
-0.086691 -0.034684 0.054798 -0.087551 -0.014591 
0.044687 0.057457 0.118611 0.010895 0.011308 
-0.066320 -0.063774 0.057919 -0.051338 0.049145 
0.006265 0.048016 -0.010350 0.089136 -0.100672 
-0.040908 0.090819 -0.084327 0.065891 0.025763 
-0.030480 0.103529 -0.144803 -0.036912 0.017161 
-0.020671 -0.059993 -0.030123 -0.104598 0.039178 
0.018764 0.001037 0.014109 0.056332 0.050717 
-0.004747 0.035822 0.019209 -0.010162 -0.044650 
-0.039307 -0.111424 0.122778 0.090067 0.014313 
-0.047117 0.042269 -0.052396 -0.023384 0.123438 
-0.016756 -0.092801 -0.058478 0.080712 -0.052288 
-0.031113 0.064436 -0.005451 -0.018327 -0.053156 
-0.022903 0.031275 0.042126 0.009823 0.074549 
0.002952 -0.010186 -0.114717 -0.029095 -0.026125 
0.003889 -0.003003 -0.060079 0.034566 0.010262 
-0.029593 0.012239 -0.052124 -0.028219 -0.110036 
-0.015073 0.005623 0.053202 -0.029201 -0.038548 
-0.025617 -0.000150 0.022644 0.000550 -0.049223 
0.018036 -0.010954 0.045453 0.019204 -0.075695 
0.027728 0.012573 0.072358 0.082283 0.037531 
-0.003946 0.003139 0.000013 0.021161 0.067238 
0.019852 -0.022422 -0.032314 -0.024316 0.106260 
-0.001499 -0.028984 -0.045186 0.019666 -0.000966 
0.047073 0.075944 0.081739 -0.029633 -0.060673 
-0.013207 -0.057523 0.057259 -0.055200 0.078923 
0.013582 -0.060645 -0.029418 0.013853 0.056976 
-0.061172 -0.146801 0.049472 0.016436 0.045997 
-0.031589 -0.031052 0.031418 0.026113 -0.038676 
0.064035 0.045482 0.020622 0.005875 0.029585 
-0.005284 0.054275 -0.076784 -0.000845 -0.023097 
0.009660 -0.128422 0.002992 0.055651 -0.005932 
-0.027123 0.022215 0.057779 -0.080469 -0.076867 
0.008909 -0.030195 0.004706 0.060938 -0.038886 
0.050785 -0.063214 0.004370 -0.033455 -0.013089 
-0.009154 -0.030641 -0.030220 0.005174 -0.132262 
-0.021476 0.105410 0.027719 0.051123 -0.017271 
-0.000185 0.117864 0.035809 -0.071891 0.116329 
-0.009954 -0.102737 -0.053397 -0.057653 0.058746 
0.009878 0.024776 0.043190 0.082400 -0.020615 
0.032439 0.035539 -0.018820 0.017822 0.016504 
0.008745 -0.008596 0.054707 0.063681 0.056656 
0.032254 -0.023608 -0.002017 -0.146378 0.047072 
-0.016978 -0.066403 -0.042616 0.019845 -0.016902 
-0.036058 0.030091 0.057405 -0.035798 0.002185 
0.033655 0.062726 0.038185 -0.024604 0.038026 
0.013655 -0.050063 -0.040289 -0.034587 -0.089238 
-0.021893 -0.072730 -0.145619 0.108409 0.003979 
0.003043 0.058544 -0.005494 -0.058294 -0.023242 
-0.027050 0.048686 0.105867 0.037255 -0.005019 
-0.017867 0.007807 -0.016470 -0.017352 -0.004222 
-0.051778 -0.082651 0.031128 -0.051302 -0.094105 
-0.007583 0.048196 0.056035 0.076579 -0.049990 
0.037184 0.064354 -0.004853 0.019012 0.052243 
0.041607 0.017800 -0.018867 -0.048040 0.036929 
0.071847 0.012078 -0.003492 0.052903 -0.041736 
-0.008196 0.113020 0.034731 -0.051940 0.022987 
-0.022300 -0.033261 0.020486 -0.029803 0.179316 
0.014762 -0.006096 -0.022377 -0.053417 0.045007 
0.047412 -0.078434 0.007164 0.048187 -0.032463 
-0.106666 -0.022577 -0.007054 0.017166 -0.007364 
0.007677 0.013536 0.004985 -0.052519 -0.019141 
0.018399 0.004096 -0.066275 -0.014342 -0.023287 
0.017068 -0.061082 -0.021342 0.049768 0.072011 
0.006385 -0.035801 -0.027304 -0.099812 0.001797 
0.065304 -0.033306 0.042256 -0.008741 -0.006929 
0.010954 -0.080864 0.095856 -0.012888 0.050346 
-0.058343 -0.042527 0.010740 0.027268 -0.131655 
-0.022159 0.048331 -0.019242 0.139544 -0.009212 
0.008528 0.095408 -0.072588 -0.026269 0.046686 
-0.057569 -0.103939 -0.092932 -0.053006 0.017352 
0.065774 -0.067465 -0.035608 0.077533 0.035754 
0.076737 0.042552 -0.018386 -0.040285 -0.060055 
0.002954 -0.063347 0.023485 0.069391 0.030181 
0.015083 -0.035587 -0.073150 -0.108303 0.033116 
-0.051149 -0.070534 -0.072103 0.010046 -0.008050 
-0.038552 0.065148 -0.005398 0.029138 -0.091804 
-0.032927 0.026057 0.044995 -0.067493 0.140590 
-0.010770 -0.051205 -0.134801 0.039771 0.047000 
-0.040774 0.024562 -0.118058 0.061721 0.010046 
-0.084855 -0.002180 -0.028081 -0.040929 -0.091046 
-0.074457 -0.063377 0.065429 0.036303 -0.058948 
-0.009780 -0.035398 0.010274 -0.054774 -0.052228 
0.000477 -0.035468 0.059891 -0.011652 -0.043705 
0.130993 0.029418 0.024997 0.014118 -0.000473 
0.012220 0.094825 0.003360 0.050743 0.112621 
-0.036424 0.119286 -0.062500 0.028140 0.113267 
0.092232 -0.028352 0.015304 0.118553 -0.037245 
0.047917 0.068301 0.034398 0.054323 -0.111406 
0.016223 -0.016616 0.048104 -0.012621 0.095559 
0.040486 -0.036481 0.006675 -0.029498 0.019722 
-0.005174 -0.090840 0.040097 0.031192 -0.056686 
-0.015354 -0.037239 -0.040451 0.001148 0.016519 
0.027984 0.063613 0.029013 -0.053331 0.009462 
0.094796 0.073376 -0.035437 0.079788 -0.072969 
0.005683 -0.141562 -0.028240 0.056569 0.053462 
0.024141 0.020688 0.105325 -0.088920 -0.074876 
0.044548 0.015221 0.063364 0.044219 0.028301 
-0.011412 -0.033571 0.034361 -0.067847 0.000284 
0.012742 -0.045973 -0.009839 0.044280 -0.077401 
0.013255 0.065280 0.018179 0.074351 0.004383 
-0.054040 0.072674 -0.012623 -0.023532 0.057154 
-0.077067 -0.071007 -0.013831 -0.015362 -0.004755 
-0.051874 -0.046591 -0.008108 0.051772 0.006314 
0.106169 0.066165 -0.024173 0.034211 -0.015378 
-0.085769 -0.015752 -0.008456 0.051049 0.015420 
-0.005850 -0.015631 -0.060787 -0.151510 0.080912 
-0.029476 -0.034162 -0.023308 0.021727 -0.069572 
-0.002926 0.066532 0.034835 -0.091864 -0.014468 
-0.077637 0.085530 0.058931 0.087803 -0.024233 
0.027189 -0.084814 -0.064844 -0.010260 -0.038228 
0.079925 0.040571 -0.027455 0.112376 0.008327 
-0.015541 0.020299 -0.039833 -0.122069 -0.008265 
0.048969 -0.037595 0.073512 -0.070833 0.106844 
-0.031463 -0.019591 0.029763 -0.022865 0.013933 
-0.014056 -0.092923 0.075324 0.002550 0.006051 
-0.074776 0.035465 0.027474 0.120921 0.027105 
0.061516 -0.026568 0.024123 0.047036 0.024385 
0.003344 0.059906 -0.051191 -0.053047 -0.027729 
-0.001564 0.005823 0.010087 0.083294 -0.024265 
0.042741 0.094994 0.021393 -0.083504 -0.083151 
0.011291 -0.058920 0.012861 0.030070 0.042736 
0.022911 -0.008546 -0.057609 -0.069900 0.088492 
-0.002894 -0.066828 -0.009727 -0.047981 0.019844 
-0.085641 0.000042 0.003014 -0.007295 0.035791 
0.036123 0.067002 0.026630 -0.001636 0.009073 
-0.016053 0.084871 -0.100683 -0.050020 -0.071874 
0.072365 -0.036757 -0.017701 0.038197 0.053099 
-0.056378 -0.028855 0.012463 -0.045723 -0.005667 
0.064256 -0.028177 0.057826 -0.055872 0.030883 
-0.002914 -0.097445 0.018108 -0.065132 0.064327 
-0.036809 0.022530 0.032579 0.083859 -0.088729 
-0.009218 0.070687 -0.027232 0.016749 0.037592 
0.061102 0.155046 -0.004610 -0.031402 0.008374 
-0.011437 -0.059360 -0.064021 -0.069056 0.022916 
-0.003860 0.044792 -0.030508 0.057430 -0.013125 
0.027304 -0.003144 -0.007603 -0.074523 -0.036823 
0.004066 -0.035482 0.142619 0.062765 0.083342 
-0.023363 -0.016003 0.016507 -0.060403 0.074455 
-0.020249 -0.025938 -0.007470 0.084381 -0.106173 
-0.060300 0.087411 0.014814 0.028437 0.010883 
0.012873 0.103973 0.089761 0.027096 0.064947 
0.033057 0.028486 -0.133571 -0.002210 -0.014149 
0.005981 0.010927 -0.143115 0.070712 0.006923 
0.044569 0.004846 -0.008362 -0.109156 -0.120284 
-0.007157 -0.027002 0.075999 0.001357 -0.006077 
-0.035577 0.042029 0.018068 0.017700 -0.038593 
-0.058375 0.013590 0.094255 0.021156 -0.080328 
-0.006126 0.058842 0.032376 0.051314 0.064136 
-0.063765 0.028090 0.032284 0.078521 0.108677 
0.012656 0.007400 -0.092093 -0.036734 0.056851 
0.000116 -0.002036 -0.026805 0.084821 -0.011989 
0.023502 0.064916 0.050640 -0.002411 -0.015045 
-0.026830 -0.004301 0.065835 -0.025416 0.056093 
0.090627 -0.051534 -0.023105 -0.029171 0.064099 
-0.030773 -0.085191 0.015343 -0.005415 0.005626 
0.013041 0.010729 0.018058 0.018453 -0.002180 
0.089388 0.064815 0.021466 -0.092663 -0.019224 
-0.008842 0.103392 -0.036092 -0.034972 -0.070552 
-0.077454 -0.124438 -0.056352 0.069482 0.030672 
-0.003203 -0.020694 0.070840 -0.004376 -0.102179 
0.064995 -0.059481 0.049343 0.024210 -0.003858 
0.056350 -0.015583 0.065190 -0.059043 -0.090407 
0.042894 0.012225 0.074108 0.009773 -0.093983 
0.048272 0.093970 0.039985 0.070722 0.010834 
0.011975 0.135085 -0.000165 -0.021759 0.065164 
-0.040893 -0.089985 -0.024270 -0.003863 0.030587 
0.000069 -0.021155 0.028518 0.153614 -0.071797 
0.070676 0.025584 0.005300 0.043065 -0.000089 
-0.003734 -0.036750 0.018132 0.036268 0.168510 
0.019026 -0.021440 0.042884 -0.095824 0.021242 
-0.026137 -0.034052 -0.063076 0.031835 -0.012727 
-0.084292 0.114347 0.068154 -0.074997 0.009182 
-0.056381 0.161792 0.065873 -0.004008 0.052013 
0.005326 0.018022 -0.114663 -0.107213 -0.079062 
-0.037042 0.007951 -0.066766 0.089297 -0.035405 
0.006611 0.013565 0.029000 -0.122667 -0.037773 
0.030080 0.039640 0.112965 -0.038791 0.051681 
0.018950 -0.002870 0.004002 -0.035366 -0.046099 
-0.006632 -0.046456 0.064561 -0.045986 -0.052509 
-0.045507 0.034342 0.094059 0.085895 -0.059965 
0.047107 0.045776 -0.051041 0.069720 0.062871 
-0.004318 0.016990 -0.053383 -0.000405 0.042032 
0.061772 0.087463 0.018593 0.001180 -0.105041 
0.036585 0.091364 -0.010729 0.002978 0.015583 
-0.077926 -0.029862 -0.037549 -0.014135 0.056743 
0.082538 -0.079858 -0.038190 -0.052196 -0.005951 
0.095037 -0.039714 0.003105 0.009675 -0.006472 
-0.098367 0.004226 0.018157 0.116425 -0.033752 
-0.009903 0.043421 0.067382 -0.058642 -0.037966 
-0.004321 0.046370 -0.039951 0.033751 -0.045280 
-0.005703 -0.055692 -0.075669 0.043537 0.088421 
-0.000079 -0.053451 0.015580 -0.177514 -0.037255 
0.081872 -0.006931 0.040197 -0.040382 -0.030544 
-0.032474 -0.073683 0.111389 -0.043286 -0.012181 
-0.070486 0.021008 -0.006453 0.059025 -0.084346 
-0.045844 0.134617 -0.026041 0.078112 -0.027141 
-0.001031 0.044353 -0.065608 0.036661 0.045948 
0.004303 -0.038662 -0.062062 -0.073388 -0.026033 
-0.002636 -0.014067 -0.022648 0.128905 0.104651 
0.091629 0.045550 -0.039856 -0.036999 -0.014194 
0.058828 -0.095390 0.054826 0.108067 0.017921 
0.007401 0.037480 -0.051214 -0.080561 0.050245 
0.005451 -0.084552 -0.014427 0.003994 -0.067761 
-0.042687 0.064428 0.056058 -0.024265 -0.093157 
0.011618 0.006660 0.071511 -0.116214 0.061118 
0.046247 0.008564 -0.083904 -0.015807 0.002628 
-0.075241 0.045928 -0.025621 0.024239 0.024757 
-0.010838 -0.006020 -0.007541 -0.087714 -0.046745 
-0.086472 -0.058225 0.054459 0.025327 0.052933 
-0.014453 -0.076697 -0.033271 -0.024850 -0.042314 
0.006569 0.008881 0.074045 0.050097 -0.053039 
0.019414 0.021988 0.024896 0.056649 0.014029 
-0.029525 0.048784 -0.029431 0.042442 0.049334 
-0.026698 0.072277 -0.101799 -0.008341 0.047314 
0.082658 -0.016114 -0.042442 0.043527 -0.030064 
-0.011416 0.013182 0.060549 0.002644 -0.070164 
-0.045732 -0.022494 0.019693 -0.016130 0.079647 
0.000137 -0.038661 0.034959 -0.041633 0.047926 
0.003937 -0.073487 0.058946 0.065316 -0.021139 
-0.029658 -0.005529 0.019340 0.005718 0.041614 
0.046584 0.048974 0.064738 -0.076893 0.055570 
-0.008793 -0.001555 -0.108121 0.080904 -0.073317 
0.004653 -0.088656 -0.069282 0.058314 0.010922 
0.012637 0.026970 0.078839 -0.078606 -0.003575 
0.010350 0.012762 0.009724 -0.032223 0.025429 
0.028469 -0.112814 0.072108 -0.066038 0.028088 
0.021121 -0.042380 -0.040489 0.029521 -0.098778 
0.078694 0.118164 -0.017958 0.087002 0.013197 
-0.023191 0.159205 0.002982 -0.142188 0.019509 
-0.062408 -0.050584 -0.091242 0.004705 0.040898 
-0.034214 -0.000165 -0.013000 0.062856 -0.025148 
0.102892 0.026243 -0.114277 0.061707 0.020581 
-0.052551 -0.075429 0.028865 0.098236 0.087934 
0.003941 0.037129 0.029683 -0.128548 0.026698 
-0.036967 -0.019454 -0.078159 0.008871 -0.086884 
-0.058585 0.059095 -0.041884 -0.137966 -0.017325 
-0.057685 0.085566 0.119159 -0.011731 0.076164 
0.059270 -0.000533 -0.073970 -0.001937 -0.048985 
0.021162 0.035663 -0.047899 0.054477 -0.072253 
0.030344 0.099352 -0.101163 -0.104366 -0.004390 
0.017480 -0.006506 0.031974 -0.043831 0.028735 
-0.033380 -0.037286 -0.025470 -0.075025 -0.009320 
-0.001852 -0.019244 0.082659 -0.052343 -0.013826 
-0.006310 0.016400 0.043020 0.054048 0.019322 
0.025350 0.000037 0.019873 -0.001509 0.073472 
-0.050388 0.028730 -0.071807 -0.078877 -0.006660 
0.042649 0.008729 -0.001538 0.090951 0.006897 
0.044002 0.096566 0.016693 -0.023445 -0.061755 
0.017879 -0.081886 0.054302 0.025875 0.073506 
0.045439 0.035703 -0.050539 -0.024113 0.030719 
0.003684 -0.089257 -0.009652 0.004777 -0.019300 
-0.184163 0.032927 -0.044636 -0.031259 -0.075344 
-0.014780 0.063123 0.067839 0.012301 -0.009528 
-0.061510 0.097677 -0.067039 -0.006689 -0.004137 
0.016930 -0.038502 -0.023013 0.052181 0.034074 
-0.090822 -0.097151 0.030070 -0.043927 0.004506 
0.049853 0.013260 0.049217 0.011345 -0.015640 
-0.017375 -0.084889 0.027637 -0.083011 0.017271 
0.011964 0.013770 -0.041388 0.021785 -0.113317 
-0.104729 0.128840 -0.005522 0.005470 0.070867 
0.034456 0.113067 -0.120802 0.015723 0.032177 
-0.026534 -0.052353 -0.069474 -0.100515 0.121550 
0.014104 -0.026758 -0.017051 0.063176 0.010188 
0.007059 0.032242 0.002999 -0.038362 -0.058729 
0.021051 -0.069408 0.065496 0.036434 0.024457 
-0.051978 0.045735 -0.057632 -0.009011 0.056847 
0.033616 -0.045577 -0.087817 0.102137 -0.027964 
-0.002581 0.069852 0.041033 0.041021 -0.038913 
-0.025533 0.043910 0.093674 0.006518 0.140256 
-0.022931 0.003222 -0.164511 -0.012575 0.008372 
0.023221 -0.013081 -0.086070 0.000152 0.053139 
0.005914 0.050660 -0.044071 -0.047270 -0.079699 
-0.047341 -0.038511 0.125150 0.012254 -0.032029 
-0.013659 -0.058072 0.035218 -0.033783 -0.083119 
0.046233 -0.049628 0.079349 0.065395 -0.090450 
0.044946 0.046353 0.131024 0.076594 0.042978 
-0.047922 0.002985 -0.056522 0.056443 0.112147 
0.010900 0.000489 -0.020178 0.036351 0.129699 
0.037153 0.027557 -0.079114 0.043216 -0.032491 
0.071191 0.026446 0.111274 -0.011111 -0.062724 
-0.000122 -0.019280 0.038617 -0.059199 0.111019 
0.020501 -0.045138 -0.015061 -0.064807 0.065959 
-0.054589 -0.087659 0.038646 0.014381 0.034881 
-0.048543 -0.006280 -0.009214 0.027865 -0.032303 
0.071681 0.064881 0.009542 -0.005854 0.079711 
-0.030565 0.072960 -0.051732 0.009082 -0.047330 
0.051060 -0.086171 -0.053292 0.117917 0.007520 
0.006614 0.011574 0.052013 -0.067455 -0.037879 
0.006855 -0.046269 0.030860 0.034071 -0.002125 
0.048522 -0.066340 -0.050068 -0.091857 -0.039875 
0.042169 -0.025418 -0.046173 0.047008 -0.159002 
-0.047329 0.169123 -0.038203 -0.005754 -0.037022 
0.040981 0.059210 -0.002242 -0.042617 0.044265 
-0.059317 -0.044882 -0.074775 -0.083442 0.028007 
-0.041098 -0.031959 0.043096 0.061795 -0.028197 
0.040470 -0.018708 -0.008600 0.002891 0.053975 
-0.024208 0.023791 0.009775 0.081813 0.089801 
0.033188 0.016547 0.021751 -0.087759 0.023122 
-0.022831 -0.039574 -0.020474 0.037836 -0.007783 
-0.094861 0.073247 0.069161 -0.023846 -0.041333 
-0.025772 0.087748 0.025988 -0.012948 0.064875 
0.010587 0.013649 -0.041432 -0.081306 -0.084813 
-0.006181 -0.038833 -0.069003 0.107345 0.007611 
0.016453 0.041605 -0.043538 -0.126253 0.035968 
-0.003914 0.021006 0.086272 -0.015117 0.004273 
-0.017316 -0.011375 -0.050330 -0.020760 0.009092 
-0.018200 -0.056900 0.062502 0.046639 -0.106123 
0.033584 0.108129 0.061245 0.069683 -0.038308 
-0.006263 0.062187 -0.026140 -0.006177 0.072540 
0.026465 0.025257 0.000306 -0.033152 0.070377 
0.032552 0.067946 -0.041184 0.068817 -0.042517 
-0.023665 0.089426 -0.009517 -0.031905 -0.028876 
-0.047198 -0.101750 -0.021643 0.030076 0.103800 
0.003349 0.017493 0.002512 -0.094201 -0.005963 
0.089063 -0.095130 0.050351 -0.004288 -0.067613 
-0.131572 -0.051380 0.008583 0.005412 0.028560 
-0.017345 0.004478 0.031108 -0.057891 -0.007459 
-0.009374 0.004726 -0.032662 0.036793 -0.009074 
-0.023603 -0.039928 -0.021853 0.074091 0.084789 
0.020853 -0.007579 0.017575 -0.082903 -0.016044 
0.033216 -0.023150 0.052294 0.018359 -0.025699 
-0.035371 -0.079831 0.144398 -0.041178 0.060835 
-0.045799 -0.044320 0.000953 0.061485 -0.045374 
-0.093964 0.068302 -0.076466 0.119176 -0.014095 
-0.009224 0.091475 -0.038545 0.004967 0.001667 
0.028758 -0.091372 -0.095792 -0.025909 0.005482 
0.031234 -0.025637 -0.021291 0.135677 0.020946 
0.107580 0.013372 -0.085671 0.020971 -0.038560 
0.038570 -0.017209 0.045906 0.060269 0.001966 
0.032650 -0.006186 -0.072219 -0.189856 -0.007205 
-0.015639 -0.055057 -0.065552 -0.053151 -0.128235 
-0.012954 0.084159 0.026617 0.003305 -0.085995 
0.047267 -0.020931 0.007625 -0.078957 0.121974 
0.045764 0.005225 -0.141436 0.003027 0.051391 
-0.036784 -0.001419 -0.053342 0.051094 0.015725 
-0.019096 -0.002840 0.026380 -0.069790 -0.184245 
-0.051566 -0.028396 0.071692 0.098005 -0.020301 
0.016438 -0.046403 0.001404 -0.000052 -0.054688 
-0.022357 0.007259 0.085506 0.017935 -0.014656 
0.098405 0.054979 0.035010 0.075368 0.047790 
0.037848 0.078374 -0.058610 0.016057 0.084829 
0.041381 0.045231 -0.121185 -0.048619 0.095037 
0.078616 0.022570 0.039332 0.081333 -0.008814 
0.036266 0.020667 0.051651 0.048340 -0.014173 
0.001842 -0.015009 0.034124 0.017931 0.056477 
0.124333 0.001687 -0.029607 -0.069722 0.024592 
-0.008487 -0.136955 -0.020417 0.039039 -0.063902 
-0.051767 -0.039427 -0.040545 0.032784 0.056740 
-0.001091 0.036666 0.028260 -0.081961 0.033769 
0.027067 0.018663 -0.038013 0.000810 -0.051724 
-0.017021 -0.083432 -0.113410 0.025947 0.004457 
-0.019510 -0.003952 0.096457 -0.087833 -0.033332 
0.032633 -0.028593 0.053980 0.004859 0.027062 
0.027726 -0.054113 0.046789 -0.047480 -0.022139 
0.006309 0.013074 0.001745 0.000719 -0.068648 
-0.039339 0.124991 -0.017031 0.104387 0.075424 
-0.064776 0.049930 0.021317 -0.031441 0.064129 
-0.081324 -0.071417 -0.036637 -0.054516 0.069005 
-0.034336 -0.097799 0.042552 0.103137 0.014131 
0.086508 0.031131 -0.032366 0.059489 -0.003838 
-0.064570 -0.002930 0.012624 0.042919 0.062446 
0.044061 0.055589 0.003834 -0.094630 0.085990 
-0.053889 -0.024564 -0.026389 -0.016842 -0.060025 
-0.074654 0.030141 -0.008240 -0.045068 -0.051917 
-0.152218 0.035234 0.028967 0.032527 0.062252 
0.000908 -0.036356 -0.081610 -0.001575 0.014623 
-0.004478 0.064008 -0.087800 0.081273 -0.017113 
-0.018705 0.033443 -0.058350 -0.122667 -0.057365 
0.033540 -0.050441 0.124594 0.013386 0.053846 
-0.043376 -0.002266 -0.008195 -0.033995 0.053108 
-0.040370 -0.064239 0.077268 -0.002621 -0.059563 
-0.046177 0.004964 0.033231 0.064375 0.001192 
0.114583 -0.058848 0.061280 0.006693 0.036098 
0.009875 0.035834 -0.018310 -0.036184 -0.014992 
0.069939 0.059780 0.016602 0.073982 -0.035990 
-0.015685 0.078068 0.050322 -0.088097 -0.105328 
-0.025670 -0.057722 -0.013893 0.006662 0.048590 
0.078264 0.016992 -0.038464 -0.047615 0.099275 
0.010093 -0.039867 0.011067 -0.011289 0.010908 
-0.115702 0.003261 0.019257 -0.044432 0.040269 
0.018630 0.024500 0.039527 -0.019008 0.039507 
-0.072659 0.078072 -0.050083 -0.037195 -0.134288 
0.019462 0.000276 -0.077134 0.027231 0.091209 
-0.050042 -0.033161 0.001557 -0.033891 -0.049683 
0.056345 -0.048181 0.069910 -0.020048 -0.046249 
-0.039646 -0.128983 0.089155 -0.075828 0.037947 
0.004400 0.018311 0.016766 0.013464 -0.103994 
-0.006838 0.049909 0.006876 0.039950 0.026768 
0.027940 0.106751 -0.086738 -0.030655 -0.023916 
0.054319 -0.087527 -0.016511 -0.107128 0.027059 
-0.002389 0.030765 0.000550 0.071481 0.033998 
0.036687 0.048116 0.010056 -0.080424 -0.053276 
-0.000327 -0.054330 0.094151 0.063155 0.020931 
-0.026860 0.016310 -0.024435 -0.073159 0.050455 
0.022409 -0.008454 -0.035545 0.054995 -0.048738 
-0.044119 0.073997 0.039168 -0.014561 -0.032013 
0.028242 0.039841 0.075847 -0.017028 0.060085 
-0.021478 0.038475 -0.145149 -0.060014 -0.014315 
0.056108 0.032615 -0.097225 0.033835 0.051055 
0.042640 0.045231 0.000360 -0.041305 -0.108117 
-0.023348 -0.045772 0.038096 0.000486 -0.013393 
-0.093532 0.016559 0.001345 -0.008241 -0.068229 
0.010724 0.006837 0.077785 0.024403 -0.089797 
0.019810 0.041552 0.064900 0.067216 0.122533 
-0.033019 0.073688 0.001023 0.040220 0.079306 
-0.033084 -0.028731 -0.066533 0.015167 0.078774 
0.036633 -0.011276 -0.029348 0.033478 0.000076 
-0.011424 0.089071 0.107503 -0.027201 -0.024133 
-0.086237 -0.015807 0.067867 -0.026911 0.055025 
0.003279 -0.076609 -0.022878 -0.065051 0.117459 
-0.064757 -0.048837 -0.006132 0.015775 -0.025174 
-0.012054 -0.017396 -0.008215 0.026521 -0.033990 
0.045441 0.100425 0.005545 -0.063862 0.021216 
0.038286 0.073333 -0.080698 0.015085 -0.070552 
-0.073377 -0.065780 -0.028242 0.031930 0.034800 
0.014232 0.011229 0.097374 -0.050100 -0.132752 
0.011148 -0.042578 0.076114 0.024497 -0.012283 
0.120806 -0.036672 0.010487 -0.089491 -0.070409 
-0.010691 -0.003941 0.028773 0.005044 -0.130679 
0.045320 0.101038 0.007190 0.023122 -0.032858 
0.071021 0.085183 -0.064280 -0.039826 0.069093 
-0.045199 -0.056327 -0.038230 -0.030074 0.020018 
0.043187 -0.037153 0.053548 0.081616 -0.046930 
0.041026 -0.013232 -0.029798 -0.007515 -0.009780 
-0.014618 -0.049999 0.086479 -0.000441 0.122169 
0.000547 -0.072517 0.024520 -0.173329 0.033337 
-0.032822 -0.039451 -0.029459 -0.010553 -0.014511 
-0.042816 0.043535 0.098090 -0.011974 -0.009803 
-0.011320 0.103835 0.068587 0.016565 0.009926 
-0.038017 -0.036161 -0.141386 -0.056138 -0.087531 
0.012520 0.001341 -0.028710 0.134825 -0.022612 
0.025072 0.059725 -0.059548 -0.077144 -0.055577 
0.008583 0.014431 0.160366 -0.000317 0.069355 
0.021539 -0.030848 -0.001411 0.003884 -0.021168 
-0.002315 -0.031485 0.058421 -0.069080 -0.089460 
-0.074381 0.044224 0.078251 0.015334 -0.018453 
0.024757 -0.006325 -0.030304 0.041022 0.051034 
-0.000912 0.014462 -0.042230 -0.034329 0.049998 
0.042384 0.055463 -0.026732 0.016663 -0.070257 
0.027628 0.032582 0.025606 0.007339 -0.016995 
-0.014641 -0.013348 -0.035777 -0.048054 0.072409 
0.073357 0.019992 -0.053669 -0.099428 0.009662 
0.053875 -0.084206 -0.028164 0.001825 -0.007384 
-0.118351 0.036128 -0.052874 0.044796 -0.008440 
0.034462 0.021959 0.038695 -0.029505 -0.010005 
0.006580 -0.019193 -0.033304 -0.006948 -0.032920 
-0.035370 -0.048525 -0.089756 0.086975 0.071726 
-0.061466 -0.022927 0.037104 -0.115937 -0.074302 
0.095124 0.034074 0.041596 -0.019002 -0.078886 
-0.046289 -0.026431 0.075125 -0.085653 0.030848 
-0.087457 -0.013738 -0.079060 0.085171 -0.076996 
-0.026743 0.040359 0.001789 0.092574 -0.022293 
0.036215 0.020128 -0.057905 0.020242 0.017234 
-0.015028 -0.102072 -0.050335 -0.106620 -0.024631 
-0.035796 -0.019773 0.029319 0.102570 0.030958 
0.052784 0.035726 -0.058017 -0.006419 -0.004020 
-0.014277 -0.047373 0.048700 0.111928 0.002486 
0.008505 0.051728 -0.097055 -0.122271 0.071235 
0.003188 -0.039588 -0.076039 0.021148 -0.078617 
-0.065872 0.029089 -0.000290 0.000898 -0.140194 
0.058506 -0.007075 0.002829 -0.061576 0.057297 
0.022539 -0.043176 -0.078264 -0.026623 0.050164 
-0.067814 0.043950 -0.089140 0.025451 0.015987 
-0.021710 -0.023764 -0.037703 -0.092210 -0.086925 
-0.088289 0.020833 0.085474 0.007660 0.032167 
-0.047200 -0.148647 -0.011014 -0.056924 -0.066650 
0.000222 0.031116 0.120665 0.017924 -0.052237 
0.024475 0.057260 0.023098 0.039613 0.002833 
0.015113 0.005702 -0.065102 0.150484 0.040642 
-0.062865 0.018220 -0.104305 -0.058038 0.078032 
0.062938 -0.043059 -0.041551 0.090274 -0.090255 
0.003055 0.024771 0.053662 0.023982 -0.007128 
-0.022873 0.016118 0.029948 -0.005441 0.027042 
0.035737 -0.062768 0.026554 -0.001648 0.046026 
-0.015209 -0.061640 0.080279 0.035525 -0.062174 
-0.071438 -0.038252 0.017523 0.005805 0.027560 
0.022277 0.116677 0.082862 -0.023075 0.020718 
0.028369 -0.000644 -0.106525 -0.000025 -0.058375 
0.061774 -0.034461 -0.117604 0.015663 0.025243 
0.050739 -0.035373 0.050164 -0.097896 -0.016953 
-0.005625 -0.011887 0.038968 0.009589 0.020354 
0.073417 -0.037194 0.001085 -0.082529 -0.002741 
0.018895 0.000683 -0.005260 0.037680 -0.057914 
0.012065 0.095507 -0.006422 0.038327 0.053359 
-0.034912 0.104532 -0.034267 -0.091475 -0.037716 
-0.084581 -0.011088 -0.054143 0.048128 0.015983 
0.020394 -0.028289 -0.010829 0.083357 -0.051892 
0.095076 0.000131 -0.014931 0.032836 0.067972 
-0.033453 -0.011655 0.043489 0.044985 0.063936 
-0.002184 -0.038102 0.055724 -0.108760 -0.005538 
-0.065997 0.004333 -0.074726 -0.015630 -0.015614 
-0.126012 0.028542 0.044984 -0.082637 -0.073741 
-0.053097 0.043995 0.064370 -0.042989 0.078666 
0.032226 -0.050840 -0.030220 -0.007436 -0.034516 
0.018953 0.031855 -0.118774 0.087949 -0.022126 
-0.018807 0.026136 -0.060837 -0.058430 -0.043270 
-0.023841 -0.001635 0.100076 -0.051546 0.008906 
-0.018942 -0.046607 -0.031680 -0.056224 0.042606 
0.027052 -0.054425 0.104195 -0.058465 -0.062190 
-0.009973 0.010150 0.018185 0.049565 -0.005886 
0.094118 0.002006 0.034862 -0.013054 0.093378 
-0.068149 0.010758 -0.011233 -0.061272 0.036668 
0.049859 -0.008436 0.036689 0.126919 -0.002194 
0.048726 0.081941 -0.048791 -0.035094 -0.075793 
0.038586 -0.043391 0.024660 0.042400 0.074817 
0.074537 0.022976 -0.091022 -0.044301 0.025592 
0.019796 -0.129796 0.029916 0.017043 -0.041798 
-0.122413 0.049991 0.006262 -0.014011 -0.015763 
-0.024958 0.007419 0.020053 -0.006102 -0.004461 
-0.047792 0.040663 -0.058097 0.018616 -0.023217 
0.001382 0.001452 -0.062222 0.051898 0.052539 
-0.068723 -0.000916 0.071418 -0.060541 -0.020258 
0.063725 0.074490 0.080845 -0.023018 -0.006902 
-0.045143 -0.078702 0.018868 -0.044159 0.011980 
0.025938 0.021655 0.025290 0.063764 -0.132708 
-0.035846 0.091140 -0.021667 0.037332 0.035687 
-0.056994 0.140855 -0.102945 -0.006009 0.023620 
0.000204 -0.022699 -0.019046 -0.095351 0.050022 
-0.004054 -0.019058 -0.006429 0.068069 0.054649 
0.022500 0.029309 0.030159 -0.011081 -0.085224 
-0.029775 -0.097594 0.132106 0.026943 0.016069 
-0.012230 0.046209 -0.034177 -0.048993 0.094154 
-0.006547 -0.043268 -0.100110 0.130569 -0.083928 
0.008317 0.041995 -0.020555 0.004803 -0.056359 
0.023566 0.050093 0.044221 0.017323 0.073761 
0.000300 -0.034851 -0.062557 0.003592 -0.037316 
-0.023709 -0.011929 -0.063727 0.008558 0.029238 
0.012654 0.027199 -0.057145 -0.011774 -0.078417 
-0.053560 -0.003741 0.037455 -0.039273 -0.042025 
-0.002715 -0.030644 0.024806 0.010899 -0.041167 
0.026322 -0.013442 0.040313 0.057461 -0.057587 
0.046460 0.004776 0.094893 0.063931 -0.013181 
-0.024787 0.046427 0.000830 0.004541 0.070036 
0.012732 0.022279 -0.046965 -0.012615 0.106753 
0.032489 -0.016696 -0.061242 0.021789 -0.044774 
0.022712 0.030946 0.067933 -0.021075 -0.043324 
-0.010231 -0.077078 0.089327 -0.073913 0.129378 
0.001532 -0.043316 -0.016732 -0.026599 0.046714 
-0.088765 -0.101898 -0.000950 -0.012357 0.078311 
-0.025387 -0.053598 0.022292 0.050494 -0.007031 
0.067206 0.032304 -0.012170 -0.015225 0.029593 
-0.011657 0.043622 -0.062834 0.042909 0.003119 
-0.005148 -0.106709 0.013981 0.016710 0.024731 
-0.050424 0.039756 0.053237 -0.088869 -0.030557 
0.019223 -0.011248 0.001772 0.041389 -0.019693 
0.032684 -0.038816 -0.003782 -0.038112 -0.064818 
-0.036779 0.002321 -0.011310 -0.005428 -0.097258 
-0.068507 0.117705 0.010296 0.057410 -0.042191 
0.060044 0.076100 0.070634 -0.052272 0.109450 
-0.024491 -0.060570 -0.062604 -0.023828 0.043683 
-0.008675 0.020641 0.026445 0.122122 -0.030590 
0.007406 -0.006945 -0.038838 0.022271 0.036487 
-0.008083 -0.015591 0.089045 0.103083 0.080265 
0.048011 0.008577 -0.024779 -0.098878 0.047757 
-0.034944 -0.071262 -0.029632 0.058633 -0.031833 
-0.086670 0.020910 0.017850 -0.060040 -0.000118 
0.072375 0.123805 0.028335 0.006174 0.050778 
0.022055 -0.013090 -0.021358 -0.030207 -0.129857 
-0.009686 -0.036702 -0.094352 0.083990 -0.027328 
0.022973 0.088840 -0.029830 -0.041108 0.007991 
0.010351 0.043580 0.088045 0.019792 0.034260 
-0.018485 -0.026954 0.001393 -0.028881 -0.009226 
-0.007746 -0.080511 -0.012092 -0.026729 -0.115592 
-0.019491 0.098337 0.046778 0.072298 -0.078237 
0.005173 0.056223 -0.004141 0.066867 0.056189 
0.017966 0.044171 0.000676 -0.045110 0.018200 
0.032009 0.030245 -0.024198 0.053369 -0.032949 
0.005817 0.101192 0.004770 -0.022792 0.027114 
0.010600 -0.037525 -0.040021 0.003401 0.139637 
0.013348 -0.003801 -0.031619 -0.055232 -0.000905 
0.059632 -0.125609 -0.015414 0.054802 -0.053951 
-0.064755 0.024768 0.023636 0.018903 -0.000431 
-0.029042 0.021020 0.004843 -0.036543 -0.029041 
-0.023141 0.025949 -0.071411 -0.019207 0.007088 
0.038696 -0.038765 -0.019290 0.071608 0.100669 
0.002161 -0.019148 -0.033723 -0.110313 -0.048374 
0.036294 -0.011707 0.027523 -0.005146 -0.049367 
-0.011778 -0.100402 0.063310 -0.031106 0.021885 
-0.095761 -0.080098 0.004308 0.033965 -0.080439 
-0.023927 0.055660 0.007395 0.124410 -0.073291 
0.004189 0.060944 -0.045152 -0.060831 0.024748 
0.002404 -0.137119 -0.070340 -0.011515 -0.026093 
0.074911 -0.008646 -0.046756 0.070610 0.043733 
0.056208 -0.004307 -0.017910 -0.044341 -0.049322 
-0.031960 -0.031297 0.041787 0.064553 0.010380 
-0.009674 -0.056380 -0.131194 -0.102372 0.013069 
-0.040055 -0.101666 -0.095641 0.031396 -0.040243 
-0.044960 0.107223 -0.038146 0.043004 -0.091273 
0.008832 0.035095 0.018303 -0.033024 0.111336 
-0.012516 -0.088527 -0.138520 -0.042476 0.043839 
-0.066586 0.012378 -0.100214 0.030453 -0.045537 
-0.058136 -0.024370 0.006936 -0.057720 -0.111712 
-0.062832 -0.049461 0.055617 0.032267 -0.008208 
-0.024939 -0.062605 0.007490 -0.019889 -0.032406 
-0.002685 -0.018727 0.104523 0.024688 -0.046299 
0.058710 0.060194 0.045739 0.021202 -0.014056 
0.012044 0.058266 -0.001396 0.021628 0.093785 
-0.015184 0.056542 -0.100357 0.020669 0.075524 
0.037202 -0.028476 -0.004358 0.088662 -0.013431 
0.058653 0.069303 0.068988 0.033660 -0.062939 
0.018950 -0.056021 0.021534 -0.016087 0.075798 
0.048597 -0.010444 0.007248 -0.063630 0.010521 
-0.014106 -0.074996 -0.000773 0.053311 -0.048215 
-0.002735 -0.017992 -0.002647 0.020040 0.029636 
-0.022757 0.078272 0.023803 -0.057204 0.024134 
0.064828 0.052842 -0.109740 -0.016306 -0.097522 
0.035253 -0.097609 -0.069816 0.027249 0.039346 
-0.007883 0.014192 0.087185 -0.137182 -0.071137 
0.013525 0.010840 0.070855 0.012224 0.018564 
-0.008135 -0.046474 0.058225 -0.040550 -0.011424 
-0.027632 -0.035317 0.023198 0.038554 -0.081506 
-0.012968 0.096501 0.027391 0.100326 0.005492 
-0.058045 0.112112 0.002180 -0.025343 0.025626 
-0.099536 -0.061595 -0.061651 -0.027489 -0.010581 
-0.017782 -0.053973 -0.034355 0.078629 0.008211 
0.072702 0.071223 -0.044680 0.012444 -0.044745 
-0.139050 0.003441 0.000913 0.094752 0.048346 
-0.007363 0.025892 0.010184 -0.176655 0.133261 
0.001621 -0.024628 -0.030137 -0.007947 -0.085652 
-0.029719 0.022053 0.013686 -0.080132 -0.026124 
-0.070528 0.051163 0.066954 0.055796 0.025845 
-0.010124 -0.065017 -0.069344 -0.022724 -0.000369 
0.053467 0.016636 -0.040196 0.075376 -0.016667 
-0.029877 0.004811 -0.023632 -0.097696 0.009076 
0.002224 -0.010353 0.064867 -0.044772 0.077105 
-0.055734 -0.018593 0.032803 -0.059184 0.036008 
-0.007975 -0.100334 0.044830 -0.020643 -0.039421 
-0.010042 0.007773 0.099620 0.108164 0.029716 
0.078106 -0.011285 0.030783 0.081425 0.047785 
-0.040324 0.065464 -0.037268 -0.020200 -0.013981 
0.005168 0.027259 -0.021859 0.088221 -0.057304 
0.044425 0.092606 0.044230 -0.055754 -0.033767 
-0.019787 -0.048782 0.003298 0.018153 0.021226 
0.068475 -0.047841 -0.084262 -0.076417 0.054885 
-0.017738 -0.064677 -0.017373 -0.033227 -0.010808 
-0.146013 0.005243 -0.037539 -0.015601 0.022925 
-0.011193 0.044758 0.012972 -0.010808 0.024612 
-0.056295 0.056909 -0.080235 -0.047137 -0.029242 
0.056368 -0.002198 -0.035936 0.027306 0.075325 
-0.064563 0.000437 -0.011783 -0.026348 -0.005163 
0.082637 0.004076 0.084051 -0.032954 0.031309 
-0.006451 -0.094091 0.012843 -0.029321 0.020598 
0.015005 -0.014363 0.013016 0.075182 -0.086563 
-0.024242 0.085406 -0.009668 0.002995 0.003827 
0.027577 0.119405 -0.019147 0.005101 -0.010265 
0.032537 -0.051797 -0.040632 -0.068586 0.019971 
-0.056266 0.018425 -0.035550 0.044019 -0.018450 
0.013988 -0.007499 -0.030389 -0.047227 -0.036402 
-0.019853 -0.021715 0.089123 0.033422 0.051031 
-0.043643 0.004053 0.039026 -0.092898 0.069717 
0.002242 -0.073405 -0.022716 0.065550 -0.109492 
-0.065737 0.051307 -0.007900 -0.001899 -0.038721 
0.061064 0.068115 0.108020 -0.005186 0.091419 
0.038141 0.068502 -0.119719 -0.032776 -0.034200 
0.022829 0.022600 -0.114802 0.021444 0.011983 
-0.010708 0.025008 0.016734 -0.058795 -0.121062 
-0.020649 -0.036630 0.056523 -0.002163 0.027921 
-0.063293 0.012239 0.014511 0.034178 -0.056068 
-0.063080 0.014943 0.080895 0.063737 -0.133859 
0.016385 0.042840 0.046425 0.058005 0.035977 
-0.084512 0.057576 -0.010982 0.060681 0.072678 
-0.008045 0.001068 -0.085375 -0.058554 0.098160 
0.011639 0.009086 -0.053064 0.074379 -0.027243 
-0.013015 0.121189 0.047177 -0.009998 -0.034644 
-0.007092 -0.012841 0.075861 0.011568 0.086842 
0.045432 -0.079240 -0.025773 -0.009674 0.064448 
-0.018079 -0.118996 0.009565 -0.016846 -0.011029 
-0.006024 0.033095 0.005964 -0.000340 -0.012580 
0.081590 0.052148 -0.008312 -0.076947 0.027736 
0.018812 0.136957 -0.054412 -0.040884 -0.124297 
-0.047994 -0.081925 -0.033440 0.118449 0.044842 
0.004569 -0.006306 0.075165 -0.038914 -0.081500 
0.038445 -0.078834 0.047793 -0.013885 0.006954 
0.039465 -0.031245 0.038253 -0.039471 -0.057441 
0.034043 -0.029460 0.017171 0.000194 -0.094801 
0.013428 0.116396 0.026097 0.041725 0.007773 
-0.017706 0.115162 -0.031613 -0.010630 0.042917 
-0.039768 -0.139730 -0.048469 -0.000045 0.028945 
-0.004139 -0.081954 0.003386 0.115256 -0.049927 
0.077924 0.020540 -0.017751 0.003371 -0.011666 
-0.022988 -0.072458 0.027132 0.049961 0.112610 
0.047083 -0.041033 0.043690 -0.084367 0.071528 
-0.011307 -0.010002 -0.059736 0.049793 -0.043057 
-0.038207 0.109289 0.066216 -0.043249 -0.011953 
-0.042904 0.111380 0.021751 0.023150 0.051803 
-0.041532 -0.082754 -0.165799 -0.145192 -0.159015 
-0.036957 -0.008840 -0.028641 0.105964 0.006864 
0.029247 0.059193 0.009831 -0.144329 -0.047501 
-0.014033 0.041089 0.095670 -0.051674 0.049619 
0.031086 -0.026835 -0.015872 -0.041019 -0.016594 
-0.047321 -0.050941 0.108942 -0.059399 -0.094262 
-0.082008 0.021291 0.061910 0.073377 -0.015244 
0.057463 0.023209 -0.065966 0.034032 0.111775 
-0.021516 0.014300 -0.031041 -0.012892 0.024486 
0.045971 0.041949 0.025017 -0.003197 -0.044689 
0.046157 0.053074 -0.010276 -0.022357 0.014208 
-0.059017 -0.049325 0.007655 0.034365 0.071554 
0.043755 -0.026127 -0.068545 -0.041093 -0.027706 
0.042534 -0.059878 -0.006088 0.036135 -0.000512 
-0.141426 0.019792 0.031442 0.038225 -0.087692 
-0.006095 0.062862 0.064053 -0.026935 -0.004107 
-0.015518 0.018237 -0.054342 0.025962 -0.043604 
-0.041405 -0.044407 -0.066543 0.052842 0.123468 
0.018775 -0.097456 0.021557 -0.111244 -0.022276 
0.087995 0.020846 0.009786 -0.024442 -0.000924 
-0.021387 -0.115466 0.059505 -0.084840 -0.018622 
-0.039091 0.041857 -0.059951 0.027552 -0.106180 
-0.013005 0.077819 -0.057001 0.037112 -0.006017 
0.017069 0.035373 -0.036667 0.041547 0.030229 
-0.017543 -0.020408 -0.084738 -0.062925 -0.014286 
-0.003367 -0.001926 0.040560 0.163635 0.057733 
0.052600 0.014935 -0.041074 -0.038673 -0.009607 
0.035704 -0.049327 0.051517 0.079677 0.024194 
-0.021034 -0.014069 -0.062355 -0.078356 0.049042 
-0.028768 -0.088463 -0.035194 0.027880 -0.078732 
-0.051166 0.029644 0.064622 -0.002258 -0.067584 
0.014417 0.014299 0.025278 -0.095873 0.081486 
0.018230 -0.014653 -0.093112 -0.067755 0.006200 
-0.038621 0.033831 -0.065313 0.022443 0.016583 
-0.013554 -0.003383 -0.003813 -0.038565 -0.079906 
-0.054026 -0.097241 0.089312 -0.012968 0.081033 
-0.047581 -0.080574 -0.024559 -0.018898 -0.082106 
0.008601 -0.028523 0.100338 0.112593 -0.048526 
0.027421 0.024654 -0.000988 0.060571 -0.007538 
0.008276 0.041800 -0.035683 0.044325 0.088914 
0.019003 0.052585 -0.106627 -0.043862 0.018154 
0.061095 -0.055270 -0.060593 0.071565 -0.023743 
-0.010098 0.052293 0.067864 0.013882 -0.062200 
-0.017320 0.007520 -0.015594 -0.023894 0.092727 
0.029631 -0.013572 0.043058 -0.024937 0.054426 
-0.006383 -0.060407 0.031096 0.077251 -0.051193 
-0.028054 0.013443 -0.006446 0.025674 0.011140 
0.025108 0.078829 0.096347 -0.120869 0.009600 
-0.016833 -0.041386 -0.147598 0.012379 -0.080149 
-0.001507 -0.061584 -0.069511 0.053464 -0.028698 
0.050460 0.034750 0.053162 -0.062058 -0.000099 
0.013018 -0.014428 0.008787 -0.021213 0.031728 
0.032305 -0.106213 0.027220 -0.042487 -0.013001 
0.042839 -0.025383 -0.014866 0.006080 -0.055914 
-0.004772 0.111496 -0.048142 0.101228 -0.000113 
-0.007065 0.108619 -0.026644 -0.081066 0.026279 
-0.049199 0.003818 -0.043697 0.009844 0.051099 
-0.021007 -0.012906 -0.013888 0.109787 -0.054136 
0.054741 0.002659 -0.080186 0.041342 -0.004960 
-0.009585 -0.090940 0.035445 0.084784 0.071802 
0.004212 0.000051 0.061246 -0.179092 0.004524 
-0.066032 -0.062309 -0.052999 0.003717 -0.054731 
-0.063044 0.065802 0.005675 -0.083010 0.009338 
-0.050599 0.044865 0.069794 0.035892 0.069365 
0.077322 -0.037515 -0.101389 -0.032958 -0.023327 
0.004893 0.076975 -0.094625 0.108672 -0.084543 
0.029133 0.033581 -0.097391 -0.099645 -0.008470 
0.047506 0.014070 0.037599 -0.039370 0.027529 
-0.037487 -0.030513 0.001358 -0.109004 0.006393 
0.046480 -0.005807 0.072837 -0.015338 -0.034187 
-0.036067 0.007979 0.057660 0.043930 0.022410 
0.054219 -0.000956 0.022423 0.048054 0.091746 
-0.006642 0.030166 -0.048592 -0.040789 -0.005702 
0.007988 0.043955 -0.019103 0.106518 0.024012 
0.042589 0.059798 -0.006033 -0.026617 -0.048288 
0.015792 -0.114984 0.000601 -0.000354 0.067489 
0.038969 0.014313 -0.064460 -0.002179 0.051347 
-0.002092 -0.105852 -0.031092 -0.032437 -0.000174 
-0.128927 -0.008284 -0.009141 -0.076672 -0.015283 
-0.049413 0.056280 0.045565 -0.006905 0.022082 
-0.085801 0.050952 -0.050910 -0.017483 0.005888 
-0.006170 -0.061465 -0.030951 0.035802 0.015739 
-0.083792 -0.044795 0.060723 -0.030343 -0.069566 
0.030676 0.038387 0.050804 0.004892 0.017579 
-0.044803 -0.090476 -0.017970 -0.069598 0.035520 
0.006056 0.044354 -0.061744 0.058806 -0.130744 
-0.057101 0.099578 -0.045874 -0.002499 0.046826 
0.049723 0.098173 -0.082881 0.073610 -0.011594 
-0.009669 -0.094859 -0.037445 -0.119323 0.065051 
-0.015284 -0.026778 0.005845 0.048246 0.025717 
0.028300 0.003404 -0.007273 -0.021871 -0.079752 
-0.013062 -0.126858 0.059483 0.049526 0.036093 
-0.056998 -0.003159 -0.043116 -0.016197 0.089723 
0.016100 -0.051512 -0.060459 0.061427 -0.060520 
-0.010836 0.070291 -0.004533 0.015834 -0.031588 
0.046681 0.024603 0.057986 -0.000132 0.098934 
-0.017240 0.002476 -0.113392 0.016989 0.001335 
-0.009243 0.021430 -0.088867 0.016496 0.036539 
-0.024722 0.027988 -0.025209 -0.037811 -0.070416 
-0.027312 -0.042762 0.085979 -0.017748 0.001795 
-0.038652 -0.032652 0.049244 -0.003571 -0.092866 
0.021843 -0.080697 0.081009 0.019897 -0.063178 
0.025596 0.016382 0.119656 0.092436 -0.016244 
-0.023622 -0.006095 -0.013438 0.039393 0.098847 
0.026872 0.057469 -0.033557 -0.019961 0.171557 
0.009244 -0.003066 -0.087323 0.039711 -0.024124 
0.027198 0.088494 0.108382 0.011044 -0.127500 
-0.035575 -0.083203 0.035144 -0.032137 0.120334 
0.002031 -0.020743 0.003890 -0.046130 0.060318 
-0.032118 -0.093914 0.036450 0.036482 -0.003628 
-0.045976 -0.020514 0.020744 0.028721 0.002437 
0.114939 0.051708 0.055899 -0.024311 0.024351 
-0.064421 0.084144 -0.108787 0.030475 -0.042867 
0.008077 -0.063222 -0.026071 0.061247 -0.016598 
0.011100 0.007787 0.023799 -0.068735 -0.056142 
0.025938 -0.060156 0.050084 0.037444 -0.022008 
0.010303 -0.098972 -0.052827 -0.061667 -0.068986 
-0.011902 -0.042759 -0.084042 -0.002067 -0.151469 
-0.017637 0.134014 -0.026226 0.026110 0.007490 
0.021463 0.079145 0.014098 -0.019123 0.079837 
-0.010640 -0.040407 -0.116967 -0.015889 0.022180 
-0.005119 -0.014871 0.057013 0.068658 -0.079078 
0.058641 -0.006509 -0.034086 -0.022005 0.041557 
0.016029 -0.003335 0.062705 0.037826 0.092035 
0.047014 0.007296 -0.014070 -0.130533 -0.001078 
0.025557 -0.063677 -0.037435 0.030993 -0.040663 
-0.133077 0.001203 0.087675 -0.028956 0.005954 
0.030377 0.094103 0.031530 0.029501 0.058250 
0.043750 0.005780 -0.081652 -0.046912 -0.071344 
0.049909 -0.017203 -0.105850 0.077672 0.063239 
0.015203 0.080354 -0.019175 -0.126004 0.012938 
0.004638 -0.013389 0.087621 -0.010466 0.023940 
-0.002703 -0.035427 -0.059936 -0.035946 0.018749 
0.025763 -0.100231 0.035256 0.021093 -0.102097 
-0.023912 0.065319 0.051327 0.052308 0.008324 
0.018600 0.027370 -0.019629 0.003753 0.074711 
-0.009465 0.042899 -0.007945 -0.044091 0.057014 
0.043860 0.063015 -0.053778 0.033882 -0.018588 
-0.007623 0.070289 0.017506 -0.028443 -0.016436 
-0.016131 -0.087520 -0.000211 0.013207 0.081102 
0.026870 0.010280 -0.039354 -0.085402 0.005385 
0.045387 -0.075274 0.005158 0.013437 -0.061107 
-0.123832 -0.006790 0.046660 0.021633 0.005414 
-0.004335 -0.011498 0.029755 -0.025547 -0.002465 
0.008431 0.032361 -0.039776 0.018846 -0.007647 
-0.002531 -0.054317 -0.034538 0.095049 0.040090 
-0.016239 -0.046115 0.006000 -0.083863 -0.018887 
0.001956 -0.005777 0.053960 0.003049 -0.028290 
-0.017755 -0.044904 0.084936 -0.038020 0.048751 
-0.036897 -0.069299 0.003508 0.029780 -0.079610 
-0.085660 0.060685 -0.006321 0.078501 0.006878 
-0.000940 0.062341 -0.042279 -0.015673 0.013762 
-0.029805 -0.051092 -0.117256 -0.046978 -0.012383 
0.024326 -0.000611 -0.046838 0.087711 0.032932 
0.089398 -0.013201 -0.035642 -0.013591 -0.019974 
0.002673 -0.016622 0.070976 0.074861 0.005584 
0.013705 0.013057 -0.070513 -0.132482 0.011905 
-0.021242 -0.092172 -0.098335 -0.045995 -0.077946 
-0.013171 0.148310 0.023267 -0.011841 -0.094360 
-0.008329 0.001195 -0.000926 -0.099253 0.141073 
0.039201 0.001784 -0.135018 -0.082677 0.044641 
-0.005949 -0.030037 -0.085312 0.049127 0.014847 
-0.013469 -0.002593 -0.056090 -0.045962 -0.191274 
-0.041064 -0.030590 0.082413 0.061704 0.022132 
0.035533 -0.066234 0.034454 -0.009588 -0.050467 
-0.029761 -0.016491 0.067872 0.038969 -0.039014 
0.057543 0.047087 0.043850 0.039443 0.054508 
0.058856 0.109195 -0.043374 0.070615 0.089501 
0.024405 0.045632 -0.080334 -0.004657 0.067992 
0.068464 -0.013325 0.052791 0.040606 -0.016031 
0.043482 0.025913 0.030708 0.051020 -0.058413 
0.012923 -0.031961 -0.001425 0.025659 0.065492 
0.081425 -0.018210 0.009682 -0.008238 0.027227 
-0.047221 -0.123710 0.027984 0.046569 -0.051906 
-0.013099 -0.010653 -0.030766 0.027285 0.060770 
-0.039564 0.053122 0.066810 -0.114075 0.054466 
0.054259 0.024216 -0.045685 -0.001518 -0.082578 
-0.026337 -0.055608 -0.075956 0.054064 0.026871 
0.015694 0.016757 0.129806 -0.052800 -0.016678 
0.048569 -0.001337 0.027199 0.004454 0.027064 
0.019218 -0.065149 0.034752 -0.071056 -0.047284 
-0.001601 -0.021741 0.012135 -0.006775 -0.080880 
-0.033474 0.068299 0.002424 0.082260 0.038960 
-0.030455 0.105682 0.013086 -0.054492 0.067646 
-0.084988 -0.031769 -0.005191 -0.045479 0.025036 
-0.054564 -0.097375 0.013290 0.107239 -0.037042 
0.136211 0.054048 -0.044849 0.071688 0.021370 
-0.065162 -0.020715 -0.035790 0.090635 0.057812 
-0.008215 0.061018 -0.000019 -0.085259 0.052848 
-0.027541 -0.005643 -0.052940 -0.038511 -0.027902 
-0.041703 0.075862 0.013165 -0.059187 -0.036318 
-0.141024 0.082443 0.069711 -0.013203 0.014406 
0.030125 -0.045500 -0.041806 0.002497 0.025155 
0.017453 0.003895 -0.083765 0.104400 0.011102 
-0.048345 0.018909 -0.030988 -0.072003 -0.023689 
0.039778 -0.011208 0.089401 -0.003381 0.064581 
-0.037057 0.017900 0.009406 -0.035557 0.007209 
-0.003241 -0.108553 0.107998 -0.002787 -0.041577 
-0.001725 0.010872 0.036545 0.091885 0.044958 
0.069362 -0.032205 0.088568 0.031341 0.039043 
0.010331 0.015777 -0.034748 -0.023237 0.005678 
0.045804 0.043555 0.039834 0.109120 -0.055790 
-0.015894 0.100543 0.050280 -0.072103 -0.045188 
-0.011023 -0.045609 0.030003 -0.010336 0.063708 
0.019876 0.039063 -0.034557 -0.076987 0.129728 
0.030980 -0.069793 0.006613 -0.009915 -0.020373 
-0.069965 0.002061 0.000541 -0.052867 0.092944 
0.006017 0.032142 0.001437 0.012183 0.032717 
-0.116354 0.039141 -0.103482 -0.032555 -0.058604 
0.051576 -0.057991 -0.087256 0.032997 0.087854 
-0.040337 -0.024261 0.038911 -0.077252 -0.039797 
0.081800 0.001805 0.100735 0.013940 0.003214 
-0.061214 -0.144295 0.008308 -0.079288 0.011819 
-0.009353 0.021735 0.041214 0.036036 -0.075607 
-0.035037 0.053300 0.014234 0.024169 0.037498 
0.041347 0.073833 -0.068231 -0.042470 0.014760 
0.033778 -0.058964 -0.006533 -0.067729 -0.003610 
-0.018476 0.009825 -0.029418 0.050496 0.036382 
0.060848 0.025206 -0.004172 -0.075537 -0.012303 
-0.004545 -0.052962 0.118191 0.014623 0.029139 
0.011171 0.016876 -0.013963 -0.059052 0.080971 
0.002827 -0.003879 -0.049140 0.078897 -0.085060 
-0.088602 0.131228 0.004221 -0.011391 -0.071427 
0.017718 0.070627 0.054229 -0.044273 0.070835 
0.025214 0.000275 -0.196338 -0.055537 -0.009349 
0.028434 0.030911 -0.087382 0.065504 0.032241 
0.011778 0.089297 0.008448 -0.051996 -0.159620 
-0.008923 -0.062831 0.056001 0.025205 -0.012758 
-0.071953 -0.005149 0.018063 -0.014935 -0.030631 
0.013403 0.008570 0.080274 0.062037 -0.129636 
0.011472 0.077844 0.062828 0.098467 0.066360 
-0.086768 0.078864 0.029290 -0.000317 0.128502 
0.004070 -0.025683 -0.096323 -0.046173 0.149402 
0.030056 -0.030776 -0.044512 0.070740 -0.008688 
0.014318 0.073530 0.097921 0.001865 -0.050654 
-0.033176 -0.025587 0.089396 -0.054027 0.105766 
0.000104 -0.058115 -0.051152 -0.028157 0.079932 
-0.060212 -0.086791 0.029739 -0.006208 -0.054993 
-0.004691 0.017634 -0.011116 0.051677 -0.039065 
0.062654 0.079876 0.012684 -0.029185 -0.019667 
0.012281 0.089665 -0.044542 0.013976 -0.055887 
-0.029754 -0.078267 -0.023077 0.060156 0.047758 
-0.017389 0.027009 0.061441 -0.041074 -0.115783 
0.058611 -0.060866 0.113852 0.028394 -0.032204 
0.051306 -0.045035 0.012411 -0.104662 -0.067768 
0.005348 -0.053385 0.029868 0.023673 -0.127300 
0.010816 0.112224 -0.017053 0.061578 -0.040140 
0.049130 0.081442 -0.020925 -0.013124 0.049795 
0.000088 -0.080273 -0.041920 -0.006154 0.026384 
-0.017665 -0.029077 0.028767 0.109973 -0.064974 
0.016728 0.012762 -0.017789 -0.018455 -0.027535 
-0.026842 -0.082729 0.081654 0.058251 0.101281 
0.008607 -0.074243 0.030006 -0.114336 0.077834 
-0.042818 -0.047540 -0.040810 0.016980 0.009716 
-0.019924 0.025318 0.094241 -0.026210 -0.040988 
0.003781 0.101619 0.098932 0.076552 0.025069 
0.010124 -0.042034 -0.095420 -0.072274 -0.061223 
-0.025071 -0.016132 -0.047999 0.172624 -0.036838 
0.011581 0.054710 -0.035830 -0.120277 -0.100100 
-0.057028 0.006910 0.118464 -0.022154 0.025012 
-0.017797 -0.033263 -0.008283 -0.003727 -0.043563 
-0.003699 -0.095741 0.060120 -0.083925 -0.090614 
-0.052209 0.069252 0.084102 0.031573 -0.065150 
0.048194 0.013857 -0.000901 0.082968 0.075239 
-0.023543 -0.017918 -0.034752 -0.020715 0.045946 
0.025948 0.035884 -0.001330 0.030377 -0.069708 
0.037228 0.064584 -0.011534 0.004775 -0.031321 
-0.023894 -0.066680 -0.017407 -0.031766 0.082944 
0.029780 -0.020334 -0.059467 -0.105484 -0.011107 
0.107375 -0.081264 -0.085535 0.015847 0.011785 
-0.147292 0.091983 -0.035194 0.018371 -0.019603 
0.000643 0.026524 0.033881 -0.031605 -0.026151 
-0.015905 0.025076 -0.040237 -0.015447 -0.036770 
-0.023092 -0.008956 -0.094738 0.052213 0.066411 
-0.014003 -0.038628 0.067782 -0.113461 -0.048569 
0.077947 -0.029368 0.029847 0.032522 -0.053873 
-0.009694 -0.066035 0.097838 -0.080553 0.014786 
-0.041721 0.042424 -0.067096 0.086017 -0.083068 
-0.031687 0.049261 0.011088 0.055956 -0.042553 
0.064152 0.032740 -0.042521 0.032623 0.026468 
-0.060446 -0.061420 -0.040101 -0.072435 -0.035127 
-0.015938 -0.056502 -0.012235 0.159594 0.036828 
0.014961 0.039926 -0.052046 -0.008302 -0.025221 
-0.019677 -0.050264 0.064556 0.090868 0.045306 
-0.056054 0.027715 -0.051663 -0.105423 0.043022 
0.028868 -0.059945 -0.078316 -0.022563 -0.067438 
-0.015459 0.051782 0.012461 -0.017353 -0.111666 
0.047354 0.038969 0.018721 -0.042239 0.086618 
0.047663 -0.009423 -0.062622 -0.054796 0.027821 
-0.055863 0.015206 -0.063846 0.042120 0.051280 
0.000880 -0.064353 -0.006378 -0.079885 -0.085024 
-0.060682 -0.023010 0.052677 0.020476 0.036878 
-0.022570 -0.097679 0.024609 -0.051637 -0.023871 
0.018994 -0.008905 0.163821 0.035607 -0.004083 
0.029753 0.070722 0.065015 0.036317 0.015253 
-0.018487 0.021981 -0.052297 0.101195 0.046329 
-0.018899 0.076923 -0.090549 -0.069408 0.052880 
0.072613 0.016603 0.009898 0.038810 -0.097531 
0.011528 0.033681 0.044555 0.022445 -0.040337 
-0.006570 0.016912 0.017289 -0.010643 0.054567 
0.039843 -0.082038 0.051662 -0.036190 0.056489 
-0.013943 -0.108354 0.074006 0.095726 -0.069664 
-0.034176 -0.043247 0.007026 -0.014616 0.018185 
0.005567 0.064569 0.062030 -0.061575 0.033160 
0.003638 0.043355 -0.092562 -0.001359 -0.118802 
0.034657 -0.080892 -0.115509 0.051575 -0.016477 
0.073726 -0.028197 0.101744 -0.091687 -0.002308 
0.003490 -0.025382 0.023563 0.013144 -0.007840 
0.098021 -0.089215 0.043236 -0.056307 0.013368 
0.056472 0.016004 0.007337 0.008555 -0.046066 
-0.000940 0.088476 -0.003382 0.056229 0.011333 
0.025841 0.126240 -0.050253 -0.071801 -0.036593 
-0.113256 -0.027423 -0.077799 -0.003365 0.042368 
-0.007708 -0.040673 -0.002409 0.091194 -0.002389 
0.089456 -0.007822 -0.034486 0.016810 0.021491 
-0.021203 -0.054528 0.050001 0.028679 0.059435 
-0.034908 0.003863 0.053342 -0.072845 0.001339 
-0.054033 0.012885 -0.065048 -0.045609 -0.058860 
-0.076548 0.032086 0.025364 -0.136995 -0.019692 
-0.014073 0.049843 0.053275 -0.021054 0.051495 
0.005986 -0.032989 -0.055326 -0.031727 -0.023301 
0.052516 0.011953 -0.114987 0.050477 -0.086649 
0.029069 0.034181 -0.055159 -0.036203 -0.045128 
0.001147 -0.008622 0.073690 -0.077472 0.037649 
-0.023539 -0.019114 0.007866 -0.053950 0.029809 
0.002350 -0.026481 0.147821 -0.047601 -0.036813 
-0.037253 0.033533 0.027495 0.047206 -0.008682 
0.052569 -0.038196 0.009663 -0.000160 0.096707 
-0.058192 0.000390 -0.047017 -0.034486 0.014275 
0.016853 0.040124 0.061386 0.115421 0.015532 
0.083606 0.081646 -0.014130 -0.065768 -0.049301 
0.046979 -0.074307 -0.000569 0.043637 0.041337 
0.036121 0.073310 -0.066751 -0.075889 0.042658 
-0.033533 -0.145897 0.036198 0.008869 -0.000721 
-0.096931 0.083547 -0.053221 -0.059850 0.044181 
-0.047437 0.017891 0.054674 -0.007182 -0.021841 
-0.057955 0.025656 -0.022698 0.003117 0.006525 
0.054665 -0.016601 -0.070885 0.038416 0.036323 
-0.106994 -0.070705 0.076054 -0.096182 0.017493 
0.019099 0.040334 0.095834 0.024157 -0.012504 
-0.036345 -0.054321 0.024473 -0.042893 0.045064 
0.020362 0.013309 -0.022876 0.136195 -0.126968 
-0.008470 0.104812 -0.060638 0.042024 0.051826 
-0.046516 0.068780 -0.166211 0.010537 -0.020067 
-0.016696 -0.031551 -0.045680 -0.140254 0.023460 
0.019033 -0.007193 0.020098 0.033574 0.032849 
-0.009729 0.029711 0.035164 -0.031548 -0.069463 
-0.068795 -0.076409 0.084793 0.058786 0.033407 
-0.055633 0.057879 -0.064890 -0.085820 0.141134 
-0.032456 -0.044056 -0.052030 0.080704 -0.065311 
-0.029210 0.031372 -0.005285 0.001060 -0.066081 
-0.002741 0.043095 0.081838 0.016630 0.083339 
-0.027374 -0.002893 -0.096649 -0.007570 -0.027971 
0.023363 -0.012161 -0.079953 0.015753 0.010524 
0.011885 0.035772 -0.053325 -0.031173 -0.135173 
-0.008628 -0.004336 0.065589 -0.022764 -0.012130 
-0.022211 -0.014175 0.049009 -0.008368 -0.051407 
0.003391 -0.045775 0.040152 0.019404 -0.076654 
-0.003267 0.015085 0.089489 0.060779 0.030779 
-0.008577 0.025139 -0.005374 0.038636 0.058301 
0.018353 -0.010357 -0.012618 -0.013865 0.082768 
0.012199 -0.031424 -0.049425 0.036742 -0.023385 
0.016261 0.046336 0.082459 -0.046018 -0.072305 
0.007065 -0.052342 0.072695 -0.082325 0.056070 
