10 64
-0.0291 0.0272 -0.0364 -0.0313 -0.0487 -0.0205 0.0501 0.0225 0.0178 0.0080
-0.0406 -0.0383 0.0013 -0.0155 -0.0261 -0.0598 0.0003 -0.0242 0.0151 -0.0140
-0.0445 0.0356 0.0180 -0.0272 -0.0018 -0.0177 -0.0703 0.0471 0.0128 -0.0068
-0.0033 -0.0285 -0.0560 -0.0186 -0.0499 -0.0070 0.0068 -0.0126 0.0388 -0.0097
-0.0071 -0.0114 -0.0308 -0.0094 -0.0541 -0.0272 -0.0756 0.0477 -0.0234 0.0678
0.0048 0.0307 -0.0174 -0.0593 0.0097 -0.0134 0.0034 -0.0212 -0.0418 0.0869
-0.0189 0.0165 -0.0269 0.0744 0.0344 -0.0177 -0.0603 0.0212 -0.0104 0.0345
-0.0130 -0.0352 -0.0086 -0.0257 -0.0286 0.0409 0.0656 0.0106 -0.0598 0.0252
0.0041 0.0097 -0.0032 -0.0154 -0.0405 0.0670 -0.0164 0.0451 0.0774 0.0504
0.0010 -0.0091 -0.0345 0.0511 0.0016 0.0011 0.0684 0.0167 0.0601 0.0512
0.0204 -0.0038 -0.0426 0.0185 -0.0191 -0.0630 0.0295 -0.0153 -0.0559 0.0560
-0.0461 -0.0041 0.0515 0.0219 0.0322 0.0093 0.0044 0.0106 -0.0329 -0.0521
0.0304 0.0017 0.0209 -0.0002 0.0689 0.0136 0.0216 -0.0268 -0.0682 0.0333
-0.0175 -0.0425 0.0153 -0.0050 -0.0113 0.0297 -0.0659 -0.0344 0.0302 -0.0272
-0.0217 -0.0362 0.0426 0.0233 -0.0393 0.0052 0.0138 0.0657 0.0427 0.0220
-0.0039 -0.0011 -0.0002 -0.0453 -0.0835 0.0144 -0.0268 -0.0589 -0.0185 0.0133
0.0081 -0.0032 0.0638 0.0032 0.0060 0.0002 -0.0303 -0.0823 0.0124 -0.0308
0.0108 0.0011 0.0059 0.0396 0.0392 0.0351 -0.0045 -0.0323 -0.0512 -0.0975
-0.0144 -0.0306 -0.0302 -0.0070 0.0123 -0.0042 -0.0083 -0.0514 0.0120 0.1116
-0.0046 -0.0131 0.0472 0.0144 -0.0296 -0.0518 0.0337 -0.0145 -0.0733 0.0793
-0.0064 -0.0162 -0.0327 -0.0711 0.0108 -0.0131 0.0025 -0.0254 -0.0277 -0.0680
-0.0306 0.0055 0.0272 -0.0189 -0.0173 0.0221 0.0773 0.0043 0.0458 -0.0169
-0.0006 0.0299 0.0259 0.0227 -0.0530 -0.0596 -0.0271 -0.0091 0.0181 -0.0233
-0.0116 -0.0398 0.0089 0.0708 -0.0028 -0.0084 -0.0206 -0.0354 -0.0275 -0.0037
0.0259 -0.0064 -0.0380 0.0572 0.0083 0.0286 -0.0565 0.0158 0.0396 -0.0123
0.0552 0.0331 -0.0052 -0.0346 -0.0180 -0.0194 -0.0237 0.0184 0.0056 -0.0199
0.0143 0.0131 -0.0166 0.0196 0.0154 0.0310 -0.0048 0.0901 -0.0333 0.0761
0.0118 -0.0107 0.0099 0.0078 0.0002 -0.0716 -0.0233 0.0793 0.0516 0.0300
0.0204 0.0243 0.0192 0.0181 0.0001 -0.0243 -0.0764 -0.0622 -0.0324 0.0640
0.0132 0.0016 -0.0187 -0.0425 0.0627 0.0094 -0.0786 0.0304 0.0294 -0.0146
-0.0221 -0.0154 0.0285 -0.0709 0.0406 0.0114 0.0073 -0.0199 0.0081 0.0268
0.0227 0.0055 0.0163 -0.0447 0.0246 0.0795 0.0239 0.0211 -0.0145 -0.0576
-0.0119 0.0637 0.0278 0.0202 -0.0086 0.0389 0.0320 -0.0049 -0.0272 -0.0274
0.0040 -0.0211 0.0426 0.0480 0.0415 0.0659 0.0408 0.0198 0.0327 0.0029
0.0430 0.0311 0.0083 0.0353 0.0250 0.0143 0.0106 -0.0305 0.0633 0.0227
-0.0277 0.0302 0.0337 0.0176 0.0191 -0.0156 0.0231 0.0118 0.0465 0.0875
0.0221 0.0146 0.0147 -0.0211 -0.0317 -0.0179 -0.0049 -0.0297 -0.1078 -0.0413
-0.0531 0.0180 -0.0066 0.0365 -0.0033 0.0090 -0.0158 -0.0698 0.0315 -0.0048
0.0289 0.0053 0.0082 0.0077 -0.0664 0.0474 0.0407 -0.0096 0.0028 -0.0526
-0.0106 -0.0129 -0.0315 0.0335 -0.0217 -0.0427 0.0582 0.0193 -0.0288 -0.0777
-0.0003 -0.0141 -0.0102 0.0007 -0.0077 -0.0517 -0.0909 0.0128 -0.0349 -0.0769
-0.0227 -0.0159 -0.0327 0.0011 0.0312 0.0100 -0.0180 -0.0537 -0.0997 0.0122
0.0190 -0.0139 0.0341 -0.0131 -0.0368 -0.0138 -0.0074 -0.0415 0.0791 0.0503
0.0182 0.0027 0.0032 -0.0325 -0.0309 -0.0898 0.0509 -0.0170 0.0301 -0.0137
0.0233 0.0100 0.0231 0.0730 0.0212 -0.0299 0.0440 0.0041 -0.0101 -0.0251
0.0074 -0.0033 -0.0285 -0.0350 0.0101 0.0735 0.0036 -0.0659 0.0429 -0.0052
0.0148 -0.0035 -0.0233 0.0079 -0.0142 -0.0402 -0.0358 -0.0985 -0.0080 -0.0549
0.0203 0.0057 -0.0604 0.0098 0.0402 0.0151 0.0500 0.0058 -0.0086 -0.0401
0.0056 -0.0381 0.0420 -0.0125 0.0157 -0.0268 0.0433 0.0123 -0.0176 -0.0685
0.0030 0.0502 0.0067 -0.0222 0.0405 -0.0226 0.0020 -0.0401 -0.0026 -0.0521
0.0317 0.0089 0.0620 0.0251 0.0066 0.0089 -0.0565 0.0414 0.0005 -0.0365
-0.0058 0.0086 -0.0291 -0.0164 -0.0134 -0.0490 -0.0427 -0.0451 0.0869 0.0334
0.0024 0.0328 -0.0415 0.0003 -0.0287 0.0193 -0.0547 -0.0222 -0.0196 -0.0571
-0.0271 -0.0397 -0.0431 -0.0043 0.0332 0.0093 0.0082 0.0585 0.0282 0.0004
-0.0251 -0.0167 -0.0289 0.0196 -0.0363 0.0850 0.0028 0.0319 -0.0202 -0.0512
0.0389 0.0226 0.0401 -0.0091 -0.0152 0.0001 0.0738 0.0402 0.0097 0.0310
-0.0126 0.0130 -0.0046 -0.0216 0.0298 -0.0344 0.0713 0.0547 -0.0470 -0.0294
0.0125 0.0044 -0.0028 0.0209 -0.0200 0.0854 0.0018 -0.0386 -0.0703 0.0778
-0.0036 -0.0347 0.0309 -0.0184 0.0290 -0.0025 -0.0644 0.0347 -0.0523 0.0644
0.0064 0.0295 -0.0017 0.0282 0.0176 0.0027 0.0246 0.0967 0.0401 -0.0231
0.0054 -0.0109 0.0055 -0.0479 -0.0490 -0.0136 -0.0245 0.0839 0.0026 -0.0493
0.0128 -0.0050 -0.0219 -0.0621 0.0313 0.0019 0.0696 0.0459 0.0574 0.0299
-0.0091 -0.0290 -0.0068 0.0276 0.0645 -0.0150 0.0015 -0.0374 0.0415 -0.0124
-0.0171 0.0177 -0.0138 0.0034 0.0840 0.0584 0.0233 0.0100 0.0122 0.0047
