5 2048
-0.136198 0.024151 -0.063695 0.003294 0.028292 
0.058532 0.000407 0.081822 0.109613 0.092702 
0.002289 -0.004336 -0.001953 0.032305 -0.008448 
-0.035198 -0.023077 -0.052002 -0.025974 -0.085171 
0.004385 -0.026216 -0.018253 -0.018256 0.012774 
0.006358 0.026024 -0.087778 0.011771 -0.078083 
0.007874 0.003175 -0.052089 0.064003 -0.042512 
0.014535 0.006232 -0.033255 -0.045854 -0.107260 
0.004491 0.019560 0.061050 0.029138 0.036281 
-0.078731 -0.044440 -0.048337 -0.025092 0.081402 
-0.007244 -0.049045 0.058090 0.066585 0.018635 
-0.075770 0.063007 -0.000503 -0.135694 -0.037603 
-0.054068 -0.104063 0.005153 0.006977 0.008814 
-0.020893 -0.019060 -0.070042 0.004665 0.090232 
-0.015010 0.032240 0.000378 -0.002297 0.004771 
-0.040127 -0.041383 0.105462 -0.015007 -0.029958 
0.009637 0.050721 -0.064000 0.070794 -0.027916 
0.001217 -0.095625 0.095422 -0.058274 0.030180 
0.047937 -0.040794 -0.018864 0.036107 -0.038520 
-0.035711 -0.046199 -0.031081 -0.090591 -0.073785 
0.068495 -0.021466 0.055625 0.027533 -0.056869 
0.059775 -0.041632 -0.096969 -0.057469 -0.082582 
0.076556 -0.075055 0.014253 -0.024721 -0.110025 
0.039510 0.002922 0.001583 -0.081297 -0.054432 
0.036638 0.106348 -0.029202 0.053259 0.060782 
-0.053679 0.039323 0.097200 0.001035 0.086560 
-0.023819 -0.121783 -0.029909 0.046493 -0.020142 
0.049289 0.084407 0.081999 -0.002632 -0.023474 
-0.049136 -0.022296 0.090649 0.036711 -0.056647 
0.006248 0.061232 0.007889 -0.075399 0.015312 
0.057416 0.103818 -0.016070 0.040505 -0.001189 
0.114331 -0.090671 0.090784 0.004698 -0.078036 
-0.096890 0.084786 0.041716 0.042491 -0.057462 
-0.014909 -0.032684 0.071338 -0.025083 0.051331 
0.050537 -0.069533 -0.037126 0.032846 0.025729 
-0.047775 0.055988 -0.018972 -0.025690 -0.027975 
-0.017970 0.023020 0.098593 0.004612 0.013157 
0.044770 0.015091 -0.069310 -0.062427 -0.021413 
-0.022487 0.105120 0.052485 0.089068 -0.015127 
-0.069327 -0.005520 -0.039356 -0.065169 -0.081883 
0.077729 0.024051 0.008893 0.135290 0.036535 
-0.016512 -0.061216 -0.051545 0.019876 0.044939 
-0.119244 -0.030603 -0.021134 0.038262 0.002980 
-0.079101 0.080099 0.036993 -0.067815 -0.008885 
-0.054560 -0.014317 0.093316 0.100385 -0.001690 
0.052346 -0.004258 -0.013592 -0.042301 0.049842 
0.092826 0.061851 0.027621 -0.024069 -0.059213 
0.031617 -0.009108 0.022338 -0.063250 -0.097158 
-0.008177 -0.030577 -0.107136 0.017774 0.059538 
-0.053438 0.008281 -0.008953 -0.207584 0.041500 
0.006693 -0.093889 -0.039108 0.040752 0.020200 
0.005813 -0.021241 -0.046317 -0.019980 -0.037740 
0.134550 0.018885 -0.020492 0.033445 -0.004411 
0.000456 -0.030901 -0.058047 -0.081834 -0.007611 
0.006314 0.008851 0.070179 0.003036 -0.035749 
0.067106 -0.087172 0.047680 -0.058147 -0.011858 
-0.043608 -0.020841 0.038136 -0.031081 0.185361 
-0.054055 -0.067146 0.097240 -0.082580 0.051439 
0.003624 -0.133423 0.011530 0.119056 -0.043475 
-0.001737 0.110875 0.038530 -0.027030 0.053434 
0.000648 -0.029320 0.121211 0.029589 -0.039707 
-0.068850 0.000408 -0.032227 -0.003072 0.052231 
0.034923 0.080837 -0.037156 -0.094754 0.014542 
-0.005315 -0.054038 0.012812 -0.027090 -0.001601 
-0.083437 0.019212 -0.016505 0.046104 0.038554 
0.072309 -0.011739 0.059850 -0.056206 0.073386 
0.135263 0.000286 -0.060518 0.036391 -0.060506 
-0.027527 -0.000692 0.036739 -0.066074 -0.088864 
0.005166 -0.054854 -0.003007 -0.010121 0.027824 
-0.036967 -0.100932 -0.182594 -0.013910 0.014657 
0.023979 0.055629 -0.054566 0.106056 -0.079044 
-0.037983 -0.044929 0.043735 -0.085774 -0.009132 
-0.024985 -0.071464 0.051902 0.102450 0.054042 
-0.016588 -0.074683 -0.064110 0.056690 0.110680 
-0.064499 -0.033720 0.024264 0.088022 0.031179 
-0.015453 0.035079 0.044771 -0.043409 -0.047855 
0.078062 -0.091048 0.052298 0.018898 0.005019 
-0.054365 0.080023 -0.065458 -0.065704 0.014520 
-0.003386 0.001319 -0.046118 -0.010700 0.008233 
-0.030496 -0.072516 0.051522 -0.020414 -0.101831 
0.017761 0.038077 -0.114244 0.041726 0.083964 
-0.016531 -0.129688 -0.014288 -0.122167 0.063062 
0.116380 -0.065367 -0.038604 0.095723 -0.036360 
-0.066306 0.014726 -0.011596 -0.005770 -0.048796 
0.090592 -0.004417 0.009466 0.098691 -0.066093 
0.001754 -0.005848 -0.043066 -0.037892 0.031807 
-0.022616 -0.021159 0.045873 0.028421 -0.085595 
0.049794 -0.001914 0.008752 -0.077905 0.029994 
0.044235 0.064398 0.005282 -0.003674 0.086059 
-0.032460 0.015037 -0.007206 -0.036713 0.011909 
-0.017113 -0.061523 -0.001698 0.001480 -0.052389 
-0.005496 0.081887 0.018394 0.005492 -0.048520 
-0.036485 0.006979 0.121328 0.069020 -0.093697 
-0.035414 0.025382 0.033335 -0.042742 0.078618 
0.022150 0.100313 -0.081797 -0.006077 -0.036600 
0.043498 -0.047693 0.080861 -0.041208 -0.074855 
-0.034519 0.006730 0.150509 0.059429 -0.003976 
-0.059532 -0.022218 0.071419 -0.051453 0.008904 
0.063565 -0.107466 -0.026643 -0.009845 0.097906 
-0.094940 0.057756 -0.085002 0.019603 -0.098395 
0.015610 0.000806 0.058999 -0.025760 0.036316 
0.071066 0.030579 -0.066243 -0.023751 -0.060747 
0.067731 0.090313 0.041003 0.076536 -0.012685 
0.069395 0.035647 -0.112161 -0.075184 0.003099 
-0.017065 0.018376 0.017104 0.109557 0.049888 
-0.047698 -0.041877 -0.000537 0.051347 -0.003682 
-0.016370 -0.001696 -0.010154 0.067477 -0.036583 
-0.020092 0.048256 0.084878 -0.100501 -0.035380 
0.008671 -0.122585 0.038716 -0.002197 -0.101482 
0.037247 -0.032842 -0.068559 -0.021387 0.014449 
0.027927 0.060964 -0.048375 0.028367 0.038134 
-0.014885 -0.092447 -0.081616 -0.015822 -0.134913 
-0.021274 0.013697 -0.035055 0.055911 0.033111 
-0.034970 -0.015798 -0.007119 -0.076467 0.028984 
-0.014502 -0.124275 0.021441 0.078607 0.002858 
-0.042356 -0.003098 0.045995 0.031341 -0.016968 
0.041560 0.019148 0.004700 0.005637 0.093016 
0.063490 -0.048735 -0.069068 -0.034088 -0.028215 
0.045350 0.075594 0.037776 0.024450 -0.071678 
0.087072 0.009286 -0.023885 0.019862 -0.012771 
-0.029248 -0.016036 -0.089092 0.074240 0.169069 
-0.033409 0.026100 -0.024626 -0.043863 0.098736 
0.012158 -0.077333 -0.083731 0.013768 -0.080944 
-0.060470 0.037407 -0.013690 0.007337 -0.001188 
0.005453 0.026261 0.119036 0.043940 0.046011 
-0.035860 0.008540 -0.113766 -0.097502 0.024057 
0.024457 0.118827 -0.001543 -0.064711 -0.007631 
0.049637 -0.101928 -0.002462 0.054230 -0.044736 
-0.067470 0.078729 -0.034003 0.014536 -0.022247 
0.161762 -0.041209 0.037097 -0.052532 -0.031344 
0.061129 0.020176 -0.066030 0.038964 0.022928 
-0.014012 -0.030939 -0.092443 0.002874 -0.114395 
-0.010621 -0.005537 0.018042 -0.045648 0.044588 
0.007453 0.095088 -0.128336 0.107088 -0.032186 
-0.047594 0.046694 0.039679 0.083442 -0.088060 
0.060757 0.082896 0.037419 -0.092975 -0.054674 
0.022723 -0.030652 0.025581 0.033843 0.085935 
-0.020876 -0.055952 -0.103915 -0.073020 0.045301 
0.020552 0.047020 0.047981 0.150138 -0.041783 
-0.081206 0.015811 0.025886 -0.105666 0.097623 
-0.026606 -0.109640 0.031300 -0.029835 0.007132 
-0.004757 0.036673 -0.113804 -0.044055 0.015492 
0.016617 0.050138 -0.020709 0.070749 0.016487 
-0.041772 -0.059857 0.040483 0.002005 -0.030924 
0.045135 0.114146 -0.077004 0.040268 0.014157 
-0.007526 -0.029177 0.064663 -0.093478 0.103127 
0.041264 -0.004835 0.013205 0.110399 -0.026498 
-0.107188 -0.024533 -0.071115 -0.052007 -0.006395 
0.030684 -0.035133 0.019891 0.033587 -0.028437 
-0.019472 -0.016122 -0.099020 -0.052317 -0.029623 
0.023893 -0.019150 0.042703 -0.007384 -0.135429 
-0.008658 0.020311 0.016085 -0.113980 -0.001115 
-0.036113 0.054423 0.008653 -0.007789 0.077924 
-0.129044 -0.005070 0.011282 0.013904 0.077014 
-0.025623 -0.031789 -0.073370 0.010481 -0.041819 
0.008182 0.065192 0.027333 -0.034730 -0.026375 
-0.073571 -0.019647 0.040694 -0.003020 -0.065061 
-0.014276 0.079966 0.003562 -0.144068 0.054787 
-0.022846 0.071080 -0.036877 -0.012692 -0.082166 
-0.006918 -0.096688 0.095501 0.064056 0.007213 
-0.036690 0.026213 0.059957 0.047896 0.003414 
0.000914 0.015446 0.098563 -0.056379 0.137143 
0.018164 -0.076211 -0.070196 0.001563 0.047637 
-0.049087 0.114850 -0.090803 -0.012260 -0.036278 
0.029559 0.002293 0.037244 0.047064 0.038113 
0.070849 0.065524 -0.021498 0.000989 -0.091111 
-0.036143 0.076107 0.016355 0.059505 -0.023400 
-0.048163 0.004599 0.025481 -0.093492 -0.022306 
0.020409 0.023572 -0.001520 0.059761 0.064734 
-0.032331 -0.014971 -0.032497 -0.010585 0.008900 
-0.085173 -0.038940 0.017863 0.073312 -0.032050 
-0.026419 0.012730 0.067669 -0.005028 -0.054256 
-0.019721 -0.049805 0.080959 0.050680 0.057457 
-0.006579 -0.003248 -0.080847 -0.103158 0.064238 
0.082133 0.070334 -0.026602 -0.064571 0.042901 
0.017513 -0.081866 -0.016501 -0.088344 0.022655 
0.009335 -0.047461 -0.005181 0.060236 0.032349 
-0.056626 -0.022179 -0.044705 -0.131625 -0.028104 
-0.026924 -0.045874 0.036424 0.026185 0.023864 
-0.028118 -0.018505 0.018550 0.000643 -0.055726 
0.101839 -0.037958 0.031116 0.110118 0.009110 
0.112021 -0.038578 -0.104082 -0.042272 0.040893 
0.028742 -0.028607 0.080643 0.003287 -0.063413 
0.099046 -0.029956 0.002892 -0.067344 -0.016823 
0.008602 0.017513 -0.014264 -0.041185 0.124856 
-0.054844 -0.072185 0.033952 -0.096401 0.046007 
-0.020749 -0.046471 0.003558 0.082125 -0.096910 
0.025411 0.127329 0.076666 0.068718 0.005743 
0.043603 -0.056968 0.086610 0.010153 -0.036367 
-0.068722 0.024772 -0.000639 -0.052051 0.074796 
0.019967 0.077602 -0.034771 -0.009789 -0.023551 
0.047117 -0.066717 -0.066348 -0.063558 0.008220 
-0.027567 0.036273 -0.067110 0.028847 0.089473 
0.083247 0.004591 0.077405 -0.082932 -0.013968 
0.079836 -0.052437 -0.080184 0.015535 0.000867 
-0.020465 0.038101 0.029256 0.027121 -0.094745 
0.022846 0.000927 0.004314 -0.039488 0.016252 
-0.016129 -0.000925 -0.125901 0.037569 -0.012151 
0.050660 0.036394 -0.018283 0.058805 -0.009276 
0.002687 -0.029775 -0.002892 -0.018790 -0.068265 
-0.026723 -0.038695 0.067644 0.027095 0.104267 
-0.033127 -0.092325 -0.101391 0.051657 0.047692 
-0.039487 0.017442 -0.007204 0.106333 -0.026736 
-0.026984 0.048252 0.041384 -0.002131 0.042443 
0.019367 -0.077827 0.019452 -0.004992 0.095049 
-0.020183 0.054128 -0.089501 -0.106767 0.133742 
0.003715 0.065993 -0.010120 0.002578 0.010632 
-0.104027 -0.092526 0.051102 -0.064092 0.007341 
0.037981 0.005348 -0.098388 0.082010 0.023682 
0.101454 -0.074181 0.022470 -0.047488 0.034728 
0.054519 -0.059484 -0.055491 0.133582 0.009556 
-0.120963 -0.043837 0.028549 0.025534 0.028904 
0.108670 -0.032038 0.012596 0.038519 -0.012244 
0.003888 0.019393 -0.076558 -0.013031 -0.019858 
-0.006786 -0.020230 0.044975 0.034040 -0.032445 
0.099970 -0.025120 -0.012044 -0.058520 0.081664 
-0.018743 0.028691 0.017459 0.030523 0.121595 
-0.045728 -0.044359 0.002157 0.025037 0.043565 
-0.027940 -0.112422 0.019525 0.012089 -0.036526 
0.012809 0.102396 0.061700 0.009053 -0.006318 
-0.073644 0.052544 0.093009 0.002094 -0.048500 
-0.067838 0.044219 0.004622 -0.021517 0.144798 
0.000396 0.028552 -0.047957 0.022072 -0.044059 
0.022301 -0.046990 0.069399 -0.022723 0.001209 
-0.061132 0.035083 0.054456 -0.053667 0.023348 
-0.021700 0.035612 0.078641 -0.067377 0.046902 
0.103671 -0.042167 -0.039490 0.027663 0.018158 
-0.034924 0.044647 -0.017309 0.013019 -0.075672 
0.016417 0.018863 -0.005962 -0.054108 -0.028444 
0.033930 -0.024540 -0.021060 0.018088 -0.079446 
0.004808 0.042524 0.042005 0.062594 -0.020936 
0.045898 -0.007873 -0.067501 -0.079291 -0.053730 
-0.044782 0.007470 -0.003636 0.041779 0.032024 
-0.055764 -0.025299 -0.042428 0.043255 0.061536 
-0.028270 0.031312 -0.055603 0.078003 -0.007771 
-0.035400 0.019441 0.101450 -0.047446 -0.021123 
-0.003012 -0.065746 0.021167 0.028415 -0.039012 
0.078986 0.041230 -0.109603 -0.053586 0.081713 
0.069524 0.086261 0.032415 0.020301 0.008172 
-0.050007 -0.043252 0.032538 -0.040149 -0.060186 
-0.036647 0.074839 -0.067704 0.105038 0.016407 
-0.017166 -0.040157 -0.034379 -0.045783 0.036121 
0.006989 -0.053621 -0.014310 0.130029 0.014339 
0.010984 -0.049323 0.011801 0.024418 -0.061108 
0.048945 0.020936 -0.016709 0.036678 0.056799 
-0.032054 -0.081596 -0.020000 -0.014900 -0.016931 
0.025720 0.030371 0.054373 0.041972 -0.103673 
0.072505 -0.008653 -0.038498 -0.082343 -0.011659 
0.008214 -0.051158 -0.011619 0.011396 0.073440 
-0.028140 -0.085370 -0.083429 -0.059579 0.093532 
0.017281 -0.029324 -0.063027 0.036276 -0.035917 
-0.062731 0.083485 0.034826 -0.016723 0.041119 
0.006462 0.063240 0.106462 0.005405 0.014198 
-0.107371 0.016648 -0.039299 -0.060254 0.066074 
0.010798 0.104663 -0.026071 -0.092536 -0.049821 
0.052302 -0.111521 -0.028997 -0.044881 -0.058612 
-0.066180 0.063782 -0.087613 0.131044 0.079319 
0.051549 -0.031150 0.050463 0.014022 0.072812 
0.040951 -0.008242 -0.035076 -0.012706 -0.007732 
-0.087407 -0.043003 -0.051495 -0.005909 -0.078253 
0.024556 -0.000301 -0.002836 0.000471 0.036449 
-0.033227 0.013122 -0.041830 0.053473 -0.062823 
0.001698 0.056414 -0.009009 0.074868 -0.031437 
0.061142 0.034153 0.037913 -0.016467 -0.112529 
-0.042555 0.004865 0.068299 0.039970 0.035002 
-0.032275 -0.054429 -0.110647 -0.004981 0.106602 
-0.009971 -0.070226 0.011717 0.078195 -0.004486 
-0.053666 0.032253 0.019880 -0.063381 -0.011499 
-0.021161 -0.147358 0.022501 0.026856 0.014878 
0.071720 -0.018691 -0.078472 0.006781 0.128504 
0.009349 0.032300 0.024117 0.093683 -0.001689 
-0.038787 -0.022119 0.025894 -0.051130 -0.029077 
-0.003509 0.056923 -0.043564 0.047755 0.029228 
0.094577 -0.059873 0.105327 -0.045681 0.020128 
0.019571 -0.053714 -0.026005 0.082821 0.010883 
-0.090635 -0.046160 0.015147 -0.060630 -0.025114 
0.065345 -0.062635 0.033608 -0.000239 -0.055078 
0.028179 0.007232 -0.132300 -0.058511 -0.027521 
0.009924 -0.057576 0.037098 -0.048222 -0.067691 
0.025807 0.005481 0.053364 -0.071026 0.002704 
-0.019833 0.056496 -0.012323 0.054975 0.053260 
-0.058168 -0.002745 0.051808 0.007857 0.072213 
-0.028508 -0.100966 -0.066436 0.094923 -0.032702 
0.016386 0.144962 0.060276 -0.060885 0.045013 
-0.008694 -0.035070 0.077187 0.011427 -0.039974 
0.041845 0.095921 -0.012129 -0.069502 0.058053 
0.016498 0.068097 -0.063723 0.058607 -0.084662 
0.051080 -0.084087 0.061664 -0.014378 -0.020357 
-0.101420 0.018380 0.026201 0.021273 0.001716 
0.018280 -0.048955 0.114013 0.007403 0.073650 
-0.007198 -0.073071 -0.043345 -0.025399 0.062280 
-0.057043 0.007375 -0.057945 0.001682 -0.068288 
-0.004458 0.057944 0.019870 0.030319 0.023300 
0.023258 0.038816 -0.075939 0.024401 -0.008493 
-0.088976 0.084875 -0.004901 0.107413 0.036685 
-0.017576 0.049893 -0.017089 -0.076959 -0.047043 
0.012304 0.096589 0.020081 0.055371 0.026179 
-0.031262 -0.023054 -0.062863 0.022469 0.026254 
-0.081002 0.001604 -0.067115 0.089364 -0.044846 
-0.104635 0.022051 0.024153 -0.050297 -0.090473 
-0.111208 -0.014747 0.065056 0.064524 0.014978 
-0.018009 -0.045181 -0.036814 -0.049839 0.101556 
0.123355 0.029904 0.046059 0.075873 0.023800 
0.018950 -0.069598 -0.023833 -0.044717 -0.059289 
0.005309 -0.050755 -0.129767 0.090909 0.049327 
0.034593 -0.024217 -0.013090 -0.120429 0.018611 
0.035730 -0.069972 -0.020352 0.040567 -0.008846 
-0.035745 -0.012086 -0.029290 -0.031875 -0.022851 
0.126885 0.093804 -0.041337 0.064417 0.012827 
-0.006103 -0.064712 -0.034377 -0.072895 -0.024513 
0.024964 0.025126 0.053845 -0.032844 -0.040164 
0.057226 -0.047268 0.002180 -0.030810 -0.046649 
-0.011612 -0.016914 0.019534 -0.045647 0.103552 
-0.019784 -0.059284 0.034278 -0.052666 0.063638 
-0.030288 -0.052341 -0.018891 0.060842 -0.038845 
0.029390 0.061982 0.049711 -0.034509 0.014359 
-0.001671 -0.096474 0.111850 -0.008201 -0.039744 
-0.018012 -0.003881 -0.008624 -0.032458 0.060460 
0.046820 0.050558 -0.004330 -0.043328 0.024076 
0.020855 -0.064731 0.003784 -0.011162 -0.039018 
-0.064459 0.004758 -0.065784 0.046246 0.009026 
0.061065 0.051008 0.060159 -0.028994 0.058623 
0.065914 -0.082042 -0.137623 0.009165 -0.028321 
0.013924 0.038290 0.064550 -0.076981 -0.104556 
0.057766 -0.047215 -0.025831 -0.014589 0.040468 
-0.018660 -0.044675 -0.134278 -0.019992 0.000064 
-0.007643 0.019573 -0.005029 0.139097 -0.058444 
0.015872 -0.061714 0.054845 -0.093905 -0.023694 
-0.069868 -0.051634 0.093449 0.116722 0.041075 
-0.031597 -0.064630 -0.001604 -0.011889 0.114102 
-0.038392 -0.043996 0.036345 0.159256 0.042733 
-0.014768 0.023374 0.091565 -0.062174 0.008748 
0.027552 -0.065067 0.043484 0.029833 0.068407 
0.062921 0.100413 -0.044081 -0.047093 0.012867 
-0.021198 0.053674 -0.074601 0.009988 -0.000368 
0.004615 -0.031012 0.126258 -0.044950 -0.053716 
0.068829 0.028389 -0.081499 0.096576 0.111555 
0.032580 -0.091888 0.004783 -0.058619 0.103336 
0.023528 -0.067561 -0.052227 0.060540 -0.008415 
-0.134399 -0.003137 -0.005498 0.000696 -0.064610 
0.103028 -0.016839 0.054380 0.058673 -0.018968 
-0.030411 0.004030 -0.022930 -0.074504 -0.005768 
-0.040922 -0.056206 0.026643 0.091472 -0.046289 
0.024551 0.006847 -0.043098 -0.076632 0.023143 
-0.027690 0.058150 -0.033455 -0.000947 0.108861 
-0.053902 -0.004117 -0.000733 -0.004552 0.018160 
-0.015632 -0.075342 -0.057899 0.043216 -0.030867 
-0.025610 0.087151 0.015012 -0.058812 -0.077554 
-0.057877 0.030875 0.088541 0.068489 -0.037517 
-0.013136 0.003726 0.026354 -0.076145 0.081871 
0.009685 0.049282 -0.053126 -0.041669 -0.055971 
0.070689 -0.000302 0.030654 -0.059458 -0.032358 
-0.073479 0.014645 0.057040 0.060111 0.026122 
-0.021404 -0.035383 0.105578 -0.064143 0.009201 
0.067302 -0.018682 -0.018425 0.053502 0.095608 
-0.089642 0.061823 -0.049713 0.118868 -0.071061 
0.033484 0.020846 0.017472 0.009132 0.017367 
0.095422 0.015719 -0.042701 -0.059963 -0.093737 
0.065153 0.040501 0.070592 0.084313 0.023778 
0.011293 0.022143 -0.078417 -0.072724 0.022472 
-0.047887 0.042426 0.002790 0.080670 0.045298 
-0.124868 -0.052373 -0.036868 0.080892 0.053132 
-0.029773 -0.038766 -0.021131 0.028890 -0.019483 
-0.031257 0.013785 0.114016 -0.019299 -0.095540 
-0.081494 -0.108033 0.072808 0.034714 -0.046113 
0.018918 0.025646 -0.012081 -0.029184 0.035413 
0.062215 0.094361 -0.038357 0.004033 0.061858 
-0.040066 -0.073778 -0.039352 -0.026946 -0.078584 
-0.027017 -0.016385 -0.070475 0.068096 0.031208 
0.024912 -0.031301 0.028130 -0.092740 0.010887 
0.080067 -0.086228 -0.002645 0.062014 0.039789 
-0.000913 -0.002893 0.021215 0.025308 -0.079170 
0.021198 0.011411 -0.029445 0.021288 0.028934 
-0.012482 -0.093791 -0.086795 -0.065003 -0.091575 
0.042822 0.048190 0.027573 0.016672 -0.031582 
0.084478 -0.026855 0.002037 -0.003986 -0.032282 
-0.037516 0.024939 0.006645 0.069559 0.096001 
-0.009324 -0.020647 0.016115 -0.002890 0.099816 
0.035798 -0.055626 -0.082205 0.061510 -0.137040 
-0.003237 0.086092 -0.015616 0.038825 0.025940 
-0.009435 -0.039900 0.130411 0.041684 0.029411 
-0.053212 0.035136 -0.038974 -0.068479 -0.014046 
-0.052464 0.114330 0.014803 -0.043086 -0.031898 
0.114055 -0.094015 0.000194 0.005274 -0.032729 
-0.061821 0.146682 -0.033636 0.052702 -0.025910 
0.076647 0.000572 0.089946 0.018515 -0.012439 
0.057567 -0.023096 -0.066766 0.029717 -0.021521 
-0.048165 0.037444 -0.026950 -0.054050 -0.122571 
0.003033 -0.021280 0.058783 -0.065330 0.032047 
0.016007 0.003629 -0.102811 0.075806 -0.028556 
-0.051245 0.032001 0.006924 0.046225 -0.066944 
0.026360 0.071868 0.000989 -0.051417 -0.082284 
0.007536 -0.005941 0.054340 0.097832 0.059470 
0.005201 -0.029254 -0.063891 -0.032060 0.063113 
0.005567 -0.038440 0.079032 0.117269 -0.027965 
-0.018444 0.021519 0.056596 -0.077845 -0.001929 
0.018144 -0.117195 0.021022 -0.078031 0.060201 
0.068169 0.033446 -0.116183 0.024450 0.054125 
0.043263 0.043637 -0.024388 0.028606 -0.043272 
-0.076651 -0.044322 0.043529 -0.032600 -0.022496 
-0.028618 0.105767 -0.131078 0.022952 0.032809 
0.014704 -0.078921 0.053414 -0.130561 0.025975 
-0.006145 -0.020377 0.002576 0.111120 -0.027416 
-0.056800 -0.034249 -0.102732 -0.077605 -0.054125 
0.013938 -0.018912 0.031272 0.045116 0.009640 
-0.000666 -0.010171 -0.101812 -0.086048 -0.079481 
0.012556 -0.025093 -0.037932 0.018846 -0.121557 
0.019521 0.077648 0.062764 -0.080462 -0.006901 
-0.022906 0.106898 -0.001186 -0.033179 0.083120 
-0.108465 0.004729 -0.004907 -0.051941 0.019890 
-0.052798 -0.048321 -0.039992 0.011392 0.022231 
0.052123 0.053230 0.008893 -0.021235 -0.021543 
-0.052336 -0.002642 0.014048 0.021729 -0.071873 
0.008583 0.063055 -0.005700 -0.130218 -0.004615 
0.001933 0.068978 0.002830 0.041471 -0.075840 
0.058590 -0.105352 0.109710 -0.008703 0.046126 
-0.058564 0.044743 0.028326 -0.017021 -0.043831 
-0.006378 0.002489 0.083015 -0.017479 0.032458 
0.075359 -0.070133 -0.094634 0.004253 0.050570 
-0.084605 0.081302 0.020066 -0.026905 -0.070421 
0.027450 0.006091 0.038101 0.058759 -0.022035 
0.075718 0.034255 -0.003008 0.013391 -0.039205 
-0.027185 0.117021 0.026809 0.017619 -0.048835 
0.013076 -0.001288 -0.041201 -0.077396 -0.060871 
0.003384 0.082249 0.080509 0.073375 0.032946 
-0.020732 -0.036562 -0.005218 0.006654 0.017449 
-0.070219 -0.067294 -0.000185 0.046725 -0.032632 
-0.114281 0.007061 0.027082 -0.042412 -0.035359 
-0.017030 -0.081911 0.091617 -0.001734 0.040171 
0.029232 0.022946 -0.023063 -0.099398 0.088196 
0.134224 0.037312 -0.010897 0.015441 0.048401 
0.036710 -0.079633 0.068283 -0.095899 -0.076950 
0.031388 -0.049701 -0.078358 0.071239 0.093230 
-0.047640 -0.059715 -0.006775 -0.091115 -0.004787 
0.029706 -0.062712 0.001230 0.035511 0.012170 
-0.035826 -0.020972 -0.004566 -0.054826 -0.080743 
0.043183 -0.019993 -0.009134 0.093461 0.062293 
0.055956 -0.052129 -0.076380 -0.112243 0.065413 
0.075567 0.019848 0.094121 0.021786 -0.068644 
0.060691 -0.037556 0.053416 -0.063583 -0.009116 
0.059647 0.033059 0.008383 -0.057678 0.106669 
-0.086182 -0.028844 0.069038 -0.050651 0.045613 
-0.022872 -0.050951 0.020221 0.009049 -0.129767 
-0.034033 0.103312 0.070048 -0.008972 0.021930 
-0.019606 -0.031561 0.065822 0.016592 -0.009995 
-0.028203 0.056913 -0.043993 -0.020496 0.028610 
0.050871 0.070498 -0.045548 -0.038539 -0.050789 
0.065005 -0.048246 0.011105 -0.026236 0.004123 
-0.069629 0.029918 -0.108123 -0.018902 0.020385 
0.012121 0.000873 0.079758 -0.028851 -0.001646 
0.048281 -0.044204 -0.025910 -0.031220 0.006049 
-0.039981 0.031852 -0.007419 -0.008198 -0.105351 
0.021943 -0.009020 0.041415 -0.051481 0.064758 
-0.066937 0.070473 -0.128350 0.059786 -0.012980 
0.046171 -0.005175 -0.054847 0.066448 -0.057361 
0.015253 -0.020476 0.048261 -0.069168 -0.074295 
-0.072588 -0.042977 0.018592 0.070496 0.114648 
0.010817 -0.128853 -0.097246 0.020464 0.031236 
-0.024940 0.041108 0.011415 0.087818 -0.043080 
0.025168 0.025134 0.027778 -0.030419 -0.017191 
-0.010787 -0.089466 0.006383 0.016841 0.083765 
0.008103 0.031762 -0.065297 -0.043194 0.060151 
-0.031870 0.035064 -0.027919 0.019804 0.031581 
0.015682 -0.090393 0.054461 -0.051669 -0.020003 
-0.006273 0.029554 -0.052349 0.122862 0.052590 
0.053436 -0.092575 -0.038422 -0.014132 0.025596 
-0.007446 -0.068838 -0.100706 0.110571 -0.074217 
-0.124216 -0.046391 -0.001952 -0.035192 0.056849 
0.049815 -0.000716 0.078561 0.103458 -0.031106 
0.004277 0.053141 -0.013453 -0.014118 -0.043585 
0.037082 -0.072984 0.085005 0.059632 -0.092468 
0.070536 0.024296 0.032733 -0.064865 0.050807 
0.048457 0.051588 0.064615 0.014068 0.107732 
-0.036905 -0.023656 0.039094 -0.021163 0.016683 
-0.033733 -0.099111 -0.053957 0.004493 -0.052760 
-0.012367 0.103975 0.055514 -0.018205 -0.077832 
-0.018229 0.099840 0.043099 0.026033 -0.127892 
0.005209 0.115289 0.030702 -0.090228 0.102291 
-0.036231 0.059027 -0.073456 0.025828 -0.058846 
0.023155 -0.021831 0.050419 -0.052958 -0.025641 
-0.057417 -0.038855 0.069655 0.009463 -0.011469 
-0.001709 0.032146 0.133188 -0.084494 0.022112 
0.105454 -0.037301 -0.006059 -0.002167 0.033760 
-0.067749 0.052323 -0.002914 0.042408 -0.038078 
0.080983 0.032390 -0.013515 -0.017162 -0.001944 
0.018212 -0.057337 -0.024336 0.003385 -0.053031 
0.007656 0.093900 0.019898 0.057621 -0.016597 
0.028536 0.010449 -0.048939 -0.132260 -0.015093 
-0.032383 0.042496 0.006198 0.022980 0.050028 
-0.091286 0.046546 -0.012873 0.053569 0.100661 
0.001121 0.033644 -0.044783 0.040892 -0.007458 
0.015227 0.057715 0.135154 -0.011532 -0.048523 
-0.020718 -0.100767 0.060073 0.082344 -0.067297 
0.052855 0.019105 -0.072241 -0.034480 0.046910 
0.028509 0.105159 -0.005862 -0.006672 0.031437 
-0.044146 -0.049556 0.015169 -0.001790 -0.082293 
-0.043861 0.020628 -0.082354 0.150955 -0.022192 
-0.053152 -0.023628 -0.040518 -0.032409 0.040596 
-0.072007 -0.085815 0.034433 0.062865 0.051963 
0.007741 -0.008439 0.034908 -0.009552 -0.032946 
0.043386 0.024843 0.020463 0.077839 0.109446 
-0.033733 -0.111561 -0.077032 -0.028750 -0.004143 
0.027687 -0.006467 0.011063 0.043189 -0.123963 
0.091285 0.045529 -0.007055 -0.051180 -0.054342 
0.012612 -0.032042 0.014321 0.047055 0.140528 
-0.069055 -0.048973 -0.035481 -0.091096 0.061054 
-0.017211 -0.042891 -0.047427 0.050343 -0.010907 
-0.031955 0.062361 0.017419 -0.036013 -0.002721 
0.041131 0.024163 0.089626 0.022372 0.009373 
-0.095530 0.047262 -0.031783 -0.036250 -0.009977 
-0.021451 0.082581 -0.051394 -0.022879 -0.034885 
0.076878 -0.111199 -0.010824 0.015104 0.028609 
-0.085213 0.147576 -0.065340 0.019676 0.072754 
0.082529 0.036091 0.076516 0.052432 0.071795 
0.008287 -0.036426 -0.009891 0.029857 0.002193 
-0.003334 -0.028181 -0.037997 -0.010828 -0.075271 
-0.009274 -0.000105 0.026357 -0.014523 -0.000196 
0.045930 0.012760 -0.088269 0.009968 -0.079905 
0.046175 0.009370 -0.000002 0.029935 -0.042887 
0.023842 0.018746 -0.006990 0.008271 -0.090227 
0.030612 0.016519 0.081049 0.009339 0.055323 
-0.044325 0.004172 -0.068893 -0.045980 0.077715 
0.001175 -0.046950 0.036603 0.091690 -0.007926 
-0.030905 0.059344 0.015477 -0.098726 -0.013555 
-0.055799 -0.077539 -0.011439 -0.004065 0.054785 
0.034376 0.008123 -0.066323 0.015381 0.051534 
-0.029072 0.008390 -0.021483 0.034645 -0.015101 
-0.032733 -0.053135 0.072680 -0.018542 0.019239 
0.037756 0.062391 -0.075094 0.101033 0.003228 
0.041719 -0.083617 0.062272 -0.023256 0.039273 
0.009314 -0.036930 -0.022348 0.054612 -0.061547 
-0.057502 -0.045821 -0.027136 -0.057127 -0.040360 
0.066291 0.009189 0.032460 -0.001094 -0.054085 
0.006575 -0.054172 -0.130758 -0.090713 -0.002316 
0.034393 -0.052381 0.012536 0.038109 -0.081767 
0.085920 0.009447 -0.009120 -0.115802 -0.024373 
-0.009739 0.098210 -0.050578 0.009031 0.067793 
-0.102503 0.070893 0.048610 0.025783 0.070098 
-0.082345 -0.110272 -0.069934 0.039617 -0.015865 
0.093134 0.050931 0.078967 0.014464 0.014646 
-0.080307 -0.028843 0.108070 -0.021868 -0.059963 
-0.033823 0.075594 0.036621 -0.060586 0.034463 
0.062713 0.100354 -0.048699 0.006569 -0.054387 
0.085716 -0.042197 0.055028 -0.023813 -0.019848 
-0.128971 0.064906 -0.014135 0.053208 -0.054020 
0.012192 -0.023224 0.086982 0.002569 0.081299 
0.043572 -0.052176 -0.053337 0.001834 -0.002848 
-0.073999 0.045245 -0.072961 0.011777 -0.001025 
-0.038850 0.021979 0.082271 0.023871 -0.014373 
0.066920 0.022695 -0.046891 -0.028261 0.005879 
-0.066511 0.074096 0.039110 0.046744 -0.001032 
-0.028041 0.019515 -0.079802 -0.098550 -0.057732 
0.050261 0.061069 -0.014075 0.084526 0.061622 
-0.011750 -0.051429 -0.073887 -0.004920 0.014058 
-0.107882 -0.029024 -0.096352 0.047279 -0.040754 
-0.069567 0.060745 0.075817 -0.045723 -0.101709 
-0.047723 -0.030640 0.056081 0.076466 0.002197 
-0.010621 0.007690 -0.030150 -0.067986 0.062739 
0.117024 0.061613 0.012656 0.043682 -0.031102 
0.018671 -0.047947 -0.040784 -0.089523 -0.106392 
-0.005815 -0.001616 -0.068421 0.027810 0.057644 
-0.008067 -0.006506 0.039180 -0.154508 -0.011541 
0.033405 -0.122890 -0.013528 0.038364 -0.001838 
-0.004906 -0.046275 -0.038730 -0.031623 -0.003879 
0.152370 -0.022857 -0.072307 0.029362 0.058441 
0.009357 -0.022712 -0.075829 -0.057416 -0.038179 
0.011980 0.029996 0.082156 0.024194 -0.072075 
0.072125 -0.051638 0.039224 -0.086809 -0.049036 
-0.016999 -0.028023 -0.045506 -0.030265 0.170708 
-0.044189 -0.166394 0.095599 -0.078305 0.024710 
-0.012502 -0.049717 0.030435 0.149411 -0.047396 
-0.004166 0.092334 0.002567 0.003784 0.058999 
-0.014837 -0.013693 0.116725 -0.016922 -0.014098 
-0.026542 0.025453 -0.072587 -0.010040 0.040512 
0.061390 0.063914 -0.059682 -0.091206 -0.018253 
-0.019787 -0.066510 0.016750 -0.053649 -0.028817 
-0.092221 0.050852 -0.009044 0.047829 -0.002441 
0.018727 0.036731 0.089017 -0.091873 0.088367 
0.109395 0.014861 -0.097044 -0.015050 0.009286 
0.002921 0.027523 0.011728 -0.046926 -0.098498 
0.000836 -0.056539 0.023297 0.018001 0.049131 
0.004675 0.001073 -0.170749 0.014371 0.034021 
0.020092 0.037851 -0.028229 0.102064 -0.048952 
-0.025833 -0.026058 0.012805 -0.114410 -0.051993 
0.013397 -0.036918 0.089997 0.157135 0.083396 
-0.039602 -0.080711 -0.021277 0.053202 0.071289 
-0.109812 0.002914 -0.015096 0.091661 0.031649 
0.001854 0.034905 0.032772 -0.002794 -0.042979 
0.068519 -0.063135 0.013342 -0.006060 0.046252 
0.017425 0.141501 -0.060676 -0.083881 0.048423 
-0.023162 0.027077 -0.098028 -0.014739 0.010480 
-0.022374 -0.086942 0.100437 -0.075083 -0.115201 
0.007563 0.033322 -0.103828 0.051361 0.024684 
-0.004454 -0.055777 -0.046699 -0.082728 0.073797 
0.055443 -0.143092 -0.037825 0.078811 0.036497 
-0.077281 -0.008325 0.013544 -0.017594 -0.041641 
0.047789 -0.034492 -0.002379 0.073826 -0.075772 
-0.009782 0.050561 -0.019115 -0.056305 -0.001601 
-0.034683 0.008058 0.060254 0.034221 -0.132588 
0.051493 -0.015100 -0.031876 -0.051222 0.000989 
0.047049 0.026343 -0.041914 -0.036045 0.095869 
-0.062112 -0.018423 0.003773 -0.027867 -0.010398 
-0.048280 -0.036537 -0.017897 -0.005851 -0.058694 
-0.014345 0.061231 0.015028 -0.034773 -0.062937 
-0.000104 0.042883 0.145663 0.087783 -0.037200 
0.016255 0.036518 0.046461 -0.034405 0.079881 
0.035236 0.059227 -0.075679 -0.016770 -0.068794 
0.070744 -0.037727 0.127718 -0.021398 -0.046414 
-0.032597 0.063874 0.097691 0.026403 -0.004663 
-0.087849 -0.026770 0.144388 -0.048131 0.031670 
0.106295 -0.065269 -0.040652 -0.014211 0.056560 
-0.043383 0.070554 -0.010791 0.053436 -0.111118 
0.031068 0.016914 0.052035 0.004705 -0.005330 
0.034760 -0.023902 -0.025479 -0.020657 -0.051098 
0.009155 0.063415 0.088456 0.063249 -0.036212 
-0.000009 0.037196 -0.081303 -0.097243 -0.019263 
0.029158 0.050108 0.039763 0.121192 0.042011 
-0.067899 -0.051989 -0.021537 0.068444 0.027782 
-0.016312 -0.019484 -0.002050 0.053199 0.005392 
-0.008887 0.011627 0.044619 -0.090553 -0.063460 
0.004298 -0.096710 0.054118 0.026422 -0.054091 
0.011429 0.013193 -0.050806 -0.014131 0.048069 
0.073934 0.058524 -0.027092 0.000422 0.030744 
-0.027127 -0.040621 -0.081295 -0.132942 -0.174424 
-0.009461 0.028177 -0.035784 0.088923 0.029507 
-0.031399 0.023611 -0.016887 -0.076838 0.033483 
0.030485 -0.089706 0.003531 0.109110 0.014393 
-0.057547 -0.003360 0.039022 0.000441 -0.017536 
0.010777 0.032913 0.009826 0.011260 0.063002 
0.039884 -0.084768 -0.091794 -0.019418 0.001947 
0.035580 0.092377 0.044137 -0.039732 -0.073936 
0.074461 -0.026009 -0.018411 0.052151 -0.023017 
-0.074733 -0.019706 -0.045403 0.041498 0.114826 
-0.062412 -0.015496 -0.008802 0.010005 0.134097 
-0.006114 -0.127624 -0.111323 0.020666 -0.044975 
-0.039706 0.068792 0.011916 0.016754 -0.000454 
-0.010497 0.014889 0.070891 0.116098 0.021857 
-0.085198 0.023739 -0.088592 -0.046397 -0.013729 
-0.021026 0.161165 0.011340 -0.032323 -0.022466 
0.071886 -0.105818 0.021622 0.083276 -0.011759 
-0.053961 0.111353 -0.063359 0.048522 0.020913 
0.155966 -0.097759 0.067338 0.004069 0.048556 
0.039733 0.024807 -0.036450 0.026902 -0.001497 
0.008231 0.007538 -0.082664 -0.024402 -0.130124 
0.001341 0.009836 0.031207 -0.007516 0.063997 
0.013111 0.044756 -0.108910 0.036952 -0.038516 
0.032064 0.054737 0.021054 0.090083 -0.095331 
0.086201 0.072386 0.002048 -0.084090 -0.123429 
0.036048 -0.020936 -0.001486 0.048416 0.057746 
-0.007902 -0.025902 -0.039170 -0.090144 0.033093 
-0.037429 -0.008878 0.031789 0.108803 -0.001264 
-0.067338 0.047247 -0.010053 -0.104491 0.019316 
-0.038488 -0.110868 -0.017281 -0.069637 0.003541 
0.034292 0.055001 -0.090837 -0.028732 0.016192 
0.056000 0.072632 -0.022204 0.040858 0.031991 
-0.034742 -0.035448 0.019035 -0.013232 -0.014398 
-0.006173 0.109096 -0.049988 0.013882 0.005876 
-0.010246 -0.017441 0.025300 -0.098996 0.052687 
0.025387 0.000912 -0.009639 0.084043 -0.052007 
-0.083781 -0.030439 -0.073927 0.007538 0.012090 
0.066881 -0.025604 0.016332 0.037268 -0.033802 
-0.015458 -0.021930 -0.070557 -0.051580 0.012924 
-0.009009 -0.017953 0.042537 -0.020288 -0.091337 
-0.024530 0.040526 0.056023 -0.110282 0.026677 
-0.038359 0.097050 0.014986 0.037195 0.054785 
-0.083630 0.055443 -0.035272 0.003855 0.043706 
-0.057062 -0.037280 -0.046268 0.022056 -0.034342 
0.003546 0.055713 0.011998 0.006224 -0.025227 
-0.088934 -0.028368 0.079334 -0.001505 -0.127990 
-0.061598 0.084053 0.025380 -0.096473 0.067390 
-0.020260 0.092217 -0.018618 0.027917 -0.048252 
0.031415 -0.091387 0.090810 0.045103 -0.026705 
-0.064460 0.002074 0.031180 0.067323 -0.016903 
-0.005864 -0.003330 0.069051 -0.033416 0.082203 
0.044956 -0.053755 -0.137252 -0.046061 0.093635 
-0.088599 0.097969 -0.032264 -0.086639 -0.091644 
0.033056 0.016076 0.011350 0.037895 0.004198 
0.044101 0.049833 -0.032485 0.037383 -0.129242 
-0.042353 0.109453 -0.005173 0.074401 -0.070002 
-0.005799 0.052127 0.027453 -0.100450 -0.058706 
0.015240 0.069141 0.015929 0.041277 0.055504 
-0.023227 -0.001112 0.002065 0.012704 0.036834 
-0.089424 -0.016815 0.074728 0.052480 -0.044368 
-0.072117 0.037136 0.079468 -0.038248 -0.057019 
0.003825 -0.069667 0.055439 0.014255 0.032135 
-0.036398 0.060844 -0.051464 -0.103545 0.071708 
0.063325 0.075800 0.002963 -0.013314 0.045130 
0.020282 -0.083516 0.014408 -0.071592 -0.027531 
-0.010278 -0.013934 -0.042730 0.072202 0.007273 
-0.019582 -0.018122 0.004112 -0.129409 0.026095 
-0.031100 -0.041493 0.001026 0.068622 0.045611 
-0.016275 0.007467 0.007254 0.005397 -0.030822 
0.027449 -0.020425 0.019762 0.122976 0.047420 
0.032987 0.001328 -0.098351 -0.053497 0.013908 
0.029366 0.013866 0.122783 0.041198 -0.068939 
0.102145 -0.006101 0.037359 -0.057573 0.015037 
0.049004 -0.008177 -0.020529 -0.022026 0.125989 
-0.072538 -0.037701 0.022874 -0.032248 0.015711 
-0.012920 -0.043093 -0.039808 0.025999 -0.059643 
-0.020747 0.120412 0.058354 0.038064 0.023366 
0.022306 -0.008795 0.096772 0.019502 -0.021527 
-0.031783 0.042640 -0.012099 -0.056425 0.052337 
0.040885 0.076375 -0.024182 -0.007386 0.006375 
0.012472 -0.048071 -0.011689 -0.054259 0.004254 
-0.041141 0.023551 -0.047763 0.040648 0.055189 
0.041209 0.026372 0.083642 -0.041189 0.018401 
0.098897 -0.079038 -0.058140 -0.021688 -0.004584 
0.008362 0.050981 0.027989 0.004290 -0.077892 
0.079784 0.022189 -0.000950 -0.028833 0.038684 
-0.020911 0.002112 -0.089285 -0.009057 -0.044291 
0.067770 0.023611 -0.010856 0.057004 -0.068496 
0.028960 -0.012273 0.005375 -0.038117 -0.075004 
0.002103 0.002426 0.056212 0.025731 0.113254 
-0.069929 -0.080474 -0.089722 -0.019285 0.039492 
-0.047136 -0.038086 -0.013093 0.104245 -0.014991 
0.002220 0.028745 -0.014120 -0.003022 0.024545 
0.002795 -0.099925 0.077130 -0.017081 0.101062 
-0.062377 0.063615 -0.060597 -0.033619 0.126293 
-0.014254 0.057849 -0.017270 0.000255 0.046692 
-0.054974 -0.092568 0.028597 -0.061007 -0.049412 
0.026217 -0.012099 -0.046248 0.055666 0.060678 
0.069724 -0.056332 -0.008145 -0.067284 0.012714 
0.050454 -0.036820 -0.038474 0.094104 -0.025727 
-0.075576 -0.039175 0.010329 0.008010 0.003823 
0.101716 -0.042132 0.070715 0.035590 0.040456 
0.006306 0.001003 -0.055836 0.007729 -0.026461 
-0.015636 -0.027037 0.017196 0.048239 -0.066902 
0.090990 0.022012 -0.017646 -0.098129 0.037112 
0.005951 0.024530 0.021647 -0.014662 0.107048 
-0.087049 -0.037337 0.044913 0.024889 0.092117 
0.019813 -0.103273 -0.011622 0.001294 -0.057107 
-0.019526 0.055974 0.039931 -0.006568 -0.007790 
-0.048103 0.049238 0.061609 0.006077 -0.075369 
-0.009412 0.048275 0.009865 -0.081620 0.092182 
-0.017333 0.064175 -0.040670 0.004648 -0.022311 
0.003981 -0.066772 0.051258 -0.003877 -0.019203 
-0.071235 0.039869 0.084219 -0.012268 0.000880 
-0.047928 0.058804 0.087149 -0.026185 0.038879 
0.064338 -0.035073 -0.023367 0.048265 0.050703 
-0.021562 0.045307 -0.009582 -0.003124 -0.020818 
0.022634 -0.009844 0.002915 -0.015520 -0.030355 
0.083917 -0.031796 -0.047661 0.008159 -0.040844 
0.028545 0.035008 0.057934 0.053669 -0.054020 
0.035223 0.042440 -0.036255 -0.096245 -0.051155 
-0.029984 0.014055 0.019736 0.048158 0.004093 
-0.025898 -0.014328 0.002510 0.028365 0.085207 
0.006077 0.002203 -0.027505 0.047570 -0.017349 
-0.020587 0.067784 0.099796 -0.026735 -0.024473 
-0.025703 -0.094091 0.031649 0.029644 0.003411 
0.058308 0.049034 -0.068172 -0.115474 0.069425 
0.033811 0.118472 0.050946 0.053623 0.078579 
-0.019271 -0.065324 0.045402 -0.037870 -0.047215 
-0.005675 0.086373 -0.014768 0.145929 0.037386 
-0.014700 -0.049202 0.023594 -0.056698 0.023680 
-0.033374 -0.061027 -0.059854 0.138963 0.011599 
0.001533 -0.035748 -0.008464 0.032284 -0.039337 
0.081951 -0.006716 -0.010483 0.112224 0.090494 
-0.038372 -0.067773 -0.036190 -0.038843 -0.011294 
0.090443 0.048152 0.042218 0.056232 -0.093971 
0.122476 -0.005575 -0.036654 -0.029043 -0.034003 
0.022275 -0.033887 -0.060285 0.004531 0.075150 
-0.065225 -0.097285 -0.022983 -0.069686 0.069205 
-0.001642 -0.056254 -0.077585 0.025569 -0.054803 
-0.100539 0.093912 0.080158 -0.002782 0.010494 
-0.006143 0.026757 0.145882 -0.004906 0.028979 
-0.109082 0.071364 -0.005886 -0.068041 0.037065 
-0.018060 0.065418 -0.041926 -0.102324 -0.083326 
0.011189 -0.087023 -0.052738 -0.029586 -0.017342 
-0.039294 0.027361 -0.091183 0.088291 0.045424 
0.057392 -0.021108 0.072939 0.049198 0.122993 
0.038302 -0.020317 -0.005652 0.011269 -0.001771 
-0.047838 -0.064151 -0.069358 0.022155 -0.083435 
0.003546 0.019317 0.007896 0.030876 0.029493 
-0.015680 0.011502 -0.079687 0.043705 -0.076931 
0.007474 0.001457 0.006085 0.047001 -0.040679 
0.038183 0.030132 -0.015742 -0.043583 -0.066149 
-0.013762 -0.006024 0.029832 0.027818 0.040294 
-0.027094 -0.024302 -0.105055 -0.022415 0.045939 
0.003325 -0.031412 0.002150 0.091557 0.040350 
-0.023031 0.051570 -0.004636 -0.046863 -0.032721 
-0.001379 -0.136365 0.030118 -0.015619 0.060966 
0.051409 0.002981 -0.085911 0.034787 0.092612 
-0.024351 0.032927 -0.011889 0.047216 0.013262 
-0.031903 -0.008671 0.062494 -0.057320 -0.025303 
-0.026174 0.061109 -0.031321 0.063430 -0.001627 
0.033534 -0.042932 0.077354 -0.044685 0.038110 
0.029437 -0.011422 -0.026351 0.079037 -0.011110 
-0.065906 -0.012694 0.002666 -0.081176 0.007352 
0.047210 -0.022385 0.022590 0.004000 -0.056449 
0.028936 -0.002388 -0.119043 0.000528 -0.022876 
0.000565 -0.041766 0.035570 -0.010223 -0.055419 
-0.003717 0.050681 0.042119 -0.073103 -0.034640 
-0.019828 0.077821 -0.007847 0.115964 0.095672 
-0.057148 -0.022559 0.035308 -0.042327 0.097345 
-0.034233 -0.054020 -0.057557 0.089841 0.009229 
0.070683 0.108539 0.046246 -0.050120 -0.008497 
-0.056988 -0.048306 0.068906 0.015296 -0.073327 
0.020887 0.044562 -0.007768 -0.071345 0.057720 
0.027704 0.094761 -0.024903 0.058677 -0.054592 
0.045246 -0.128952 0.028581 0.009761 -0.036013 
-0.137353 0.034736 0.027748 0.045031 0.020522 
-0.032682 -0.010848 0.135840 -0.008210 0.064445 
0.016483 -0.066692 -0.036966 -0.018892 0.037266 
-0.055969 -0.000146 -0.070159 -0.043813 -0.035507 
0.007295 0.067471 0.062439 0.031139 0.004051 
0.081763 0.058234 -0.080642 0.039998 -0.014646 
-0.020107 0.121620 -0.031533 0.049787 0.048427 
-0.027995 0.017340 -0.036722 -0.027766 -0.072522 
0.016754 0.116377 -0.007417 0.117559 -0.023170 
-0.036028 -0.013555 -0.057848 -0.006776 0.057208 
-0.080437 -0.067988 -0.044028 0.086414 -0.051744 
-0.073007 0.043810 0.014807 -0.049665 -0.049222 
-0.085317 -0.073906 0.084214 0.028253 0.022565 
0.061129 -0.008498 -0.065248 -0.093368 0.125544 
0.101010 0.030100 0.021030 0.003998 -0.000819 
0.051523 -0.052633 -0.031029 -0.086071 -0.030398 
-0.049646 -0.039065 -0.114362 0.111554 -0.013322 
0.060882 -0.037407 -0.007392 -0.128509 0.069699 
0.010662 -0.095924 0.004877 0.022956 -0.003608 
-0.040638 0.005864 -0.025032 0.003803 -0.033060 
0.104406 0.009014 -0.070791 0.101107 -0.010706 
0.018493 -0.060775 -0.046556 -0.102536 -0.058762 
0.013012 0.047639 0.074284 -0.021771 -0.071480 
0.121697 -0.062576 -0.061069 -0.084239 -0.030672 
-0.053509 -0.072509 0.029717 -0.075666 0.119601 
-0.071159 -0.064371 0.049556 -0.006955 0.050790 
-0.014936 -0.030424 -0.029046 0.095626 -0.053380 
0.026242 0.084580 0.046043 -0.013774 0.048761 
-0.003036 -0.055345 0.130574 0.072416 -0.040259 
-0.012252 0.029803 -0.017821 -0.029420 0.057413 
0.036485 0.041237 -0.032473 -0.046230 0.000440 
-0.003955 -0.066533 0.009267 0.004057 0.002718 
-0.054960 0.012076 -0.051431 -0.001750 0.015747 
0.067251 0.037864 0.116071 -0.012828 0.063945 
0.065686 0.005781 -0.102444 0.050582 -0.006415 
-0.022414 0.010021 0.095137 -0.034063 -0.154439 
0.018933 -0.026790 -0.009372 -0.025828 0.058756 
0.008035 -0.025525 -0.090140 -0.012845 -0.008559 
0.017881 -0.039468 -0.051786 0.088240 -0.081061 
0.017134 -0.000603 0.072990 -0.106103 -0.045466 
-0.026151 -0.003544 0.108411 0.044002 0.070681 
-0.065841 -0.096530 -0.055378 0.015170 0.126129 
-0.048244 0.006173 0.013564 0.196118 -0.046276 
-0.026911 0.046123 0.060438 -0.042470 -0.007582 
0.086581 -0.077901 0.057108 -0.013982 0.095961 
0.013568 0.081727 -0.063919 -0.008458 0.020099 
0.015455 0.049515 -0.048905 -0.006740 0.017709 
-0.023263 -0.011752 0.104977 -0.091749 -0.072352 
0.041545 0.027311 -0.061505 0.073899 0.057681 
0.060911 -0.048034 -0.006742 -0.018161 0.082492 
0.044955 -0.030697 -0.042272 0.060646 0.025253 
-0.095552 -0.007674 -0.037376 -0.042828 -0.028071 
0.078704 0.034767 0.003569 0.103759 -0.017217 
-0.006459 -0.003174 -0.006884 -0.052177 0.000067 
-0.000080 0.002880 0.067251 0.077245 -0.083559 
0.043695 0.037396 0.005392 -0.085654 0.021389 
0.037997 0.095932 -0.028364 -0.033582 0.112597 
-0.047949 0.014115 0.027626 0.006558 0.055128 
-0.035469 -0.081510 -0.015853 0.031846 -0.003825 
-0.019678 0.109423 0.054030 -0.050997 -0.017309 
-0.027511 -0.012712 0.078270 0.073890 -0.036127 
0.007627 0.021692 0.029178 -0.076480 0.035985 
-0.013671 0.074729 -0.070079 -0.041782 -0.003345 
0.081644 -0.007541 0.018661 -0.069248 -0.082554 
-0.066409 0.041793 0.088394 0.023002 0.031839 
-0.004239 -0.055445 0.153536 -0.029606 0.011440 
0.120925 -0.031292 0.009491 0.023924 0.097333 
-0.064946 0.044945 -0.036368 0.075204 -0.043170 
0.084879 0.044759 0.026172 0.014565 0.045921 
0.045467 -0.017067 -0.028516 -0.030039 -0.097097 
0.033711 0.032445 0.072773 0.052865 -0.002100 
0.007495 0.042950 -0.042792 -0.074042 -0.011530 
-0.056728 0.042999 0.092369 0.099547 0.013443 
-0.054306 -0.043025 -0.068623 0.095940 0.074227 
-0.079501 -0.007941 0.000413 0.032496 -0.031837 
-0.016260 0.033024 0.064746 -0.017847 -0.104087 
0.000197 -0.151410 0.074026 -0.001001 -0.031403 
0.046221 0.036460 -0.040808 -0.021449 0.032127 
0.079554 0.080997 -0.076818 -0.019398 0.037202 
-0.001902 -0.080469 -0.020903 -0.017046 -0.093414 
-0.063198 0.002218 -0.041482 0.114007 -0.001262 
0.004609 -0.045369 -0.012778 -0.106632 -0.009353 
0.046742 -0.093363 -0.020190 0.070943 0.104612 
-0.026496 0.030245 0.036531 0.049474 -0.034971 
0.010070 -0.016557 -0.015930 0.036066 0.046365 
-0.059709 -0.083439 -0.099145 -0.024957 -0.044832 
0.031623 0.022393 0.012334 -0.009649 -0.050844 
0.126142 0.023320 0.052720 0.016504 -0.047781 
0.002926 0.004861 -0.060239 0.050008 0.098520 
-0.050552 -0.025407 -0.003390 -0.014939 0.068650 
0.032517 -0.092568 -0.058102 0.078834 -0.068898 
0.001143 0.108254 0.006322 0.014800 -0.012314 
0.050222 -0.034504 0.174248 0.025459 -0.002951 
-0.040868 0.022522 -0.081662 -0.051546 0.029154 
-0.001469 0.154137 0.010623 0.000752 0.036767 
0.113304 -0.068389 0.029430 0.054651 -0.072835 
-0.063281 0.122269 -0.028825 -0.023612 0.018427 
0.073886 -0.005629 0.074243 -0.013698 0.036158 
0.027137 -0.008779 -0.051317 0.034729 0.011425 
-0.005290 0.084381 -0.046825 -0.054925 -0.134575 
-0.007420 -0.034384 0.032822 -0.006816 0.016250 
0.013071 0.022288 -0.116225 0.121282 -0.061502 
-0.022397 0.009282 0.013596 0.083516 -0.068117 
0.018270 0.070016 -0.019013 -0.055558 -0.038255 
0.048457 -0.023579 0.050451 0.085665 0.035829 
0.005139 -0.053830 -0.068741 -0.045650 0.019271 
-0.039606 -0.040208 0.113025 0.137240 -0.039967 
-0.050847 0.011254 0.031376 -0.087299 0.036520 
0.012497 -0.096540 -0.005847 -0.023409 0.055187 
0.047393 -0.016958 -0.127368 0.014126 0.013071 
0.042850 0.030065 -0.005283 -0.003391 -0.012498 
-0.063424 -0.066634 -0.007857 -0.012463 -0.048025 
-0.038726 0.093465 -0.068296 -0.004955 0.020647 
0.064345 -0.025818 0.123250 -0.113614 0.042799 
0.012083 0.019991 -0.011713 0.093276 -0.018115 
-0.069842 -0.040684 -0.062936 -0.036833 -0.057289 
0.048571 -0.021162 0.059277 0.027594 0.031567 
0.004623 0.013103 -0.070462 -0.031843 -0.062285 
0.003964 -0.043003 0.001089 0.007283 -0.094012 
0.089866 0.071995 0.101778 -0.112357 0.012040 
-0.072256 0.086698 0.032881 -0.033458 0.098016 
-0.082535 0.048160 0.026744 -0.027036 0.025903 
-0.042452 -0.094755 -0.054770 0.004509 0.015786 
0.053114 0.051959 0.021238 -0.079127 -0.025941 
-0.061221 -0.032380 0.000678 0.034720 -0.119877 
-0.029004 0.038623 -0.037611 -0.139319 -0.005737 
0.041081 0.129303 -0.021741 0.027442 -0.123106 
0.038200 -0.064672 0.083376 0.032648 0.033742 
-0.048851 0.029052 0.025199 0.023531 -0.025856 
-0.003336 0.029494 0.075111 -0.010905 0.064079 
0.037642 -0.035068 -0.084707 0.026922 0.022164 
-0.068680 0.075838 -0.025633 -0.004398 -0.115237 
-0.004548 -0.002381 0.026301 0.068400 -0.006462 
0.121501 0.071558 -0.029120 0.004560 -0.059715 
0.020657 0.160004 -0.003257 0.029479 -0.040264 
-0.009405 0.008581 -0.016967 -0.102333 -0.102278 
-0.030081 0.075670 0.078504 0.112244 0.066878 
-0.024548 -0.067136 -0.004662 -0.026166 0.044337 
-0.066652 -0.078118 0.000364 0.038618 -0.076186 
-0.089846 -0.017872 0.072022 -0.066259 -0.059455 
-0.028736 -0.093805 0.079006 0.023036 -0.015992 
-0.045002 -0.004511 -0.021728 -0.091307 0.072076 
0.104573 0.051663 0.037822 0.009659 0.091841 
-0.000223 -0.070248 0.002859 -0.085403 -0.067834 
-0.010392 -0.032752 -0.036464 0.047626 0.061988 
-0.020766 -0.098673 0.010533 -0.120437 -0.028288 
-0.010613 -0.086247 -0.006349 0.031765 0.038227 
-0.042501 0.012368 0.001644 -0.053936 -0.052854 
0.040412 0.006924 0.010332 0.084276 0.018472 
0.030309 -0.012747 -0.071598 -0.111819 0.023998 
0.087829 0.061878 0.094608 -0.037238 -0.050664 
0.036768 -0.026142 0.028210 -0.019029 -0.007024 
0.056710 -0.012442 0.005440 -0.103556 0.139787 
-0.138355 -0.040445 0.025577 -0.107722 0.078150 
-0.001450 -0.071658 -0.025306 0.038319 -0.103037 
-0.028321 0.098830 0.057603 -0.007905 0.078051 
-0.009903 -0.025356 0.086842 0.012796 0.022952 
-0.014137 0.064001 -0.027812 -0.039279 0.060983 
0.027092 0.074119 -0.010385 -0.012999 -0.057892 
0.027647 -0.079000 0.021994 -0.032696 -0.014011 
-0.042864 0.021318 -0.117190 0.023970 0.036325 
0.057969 0.007604 0.135989 -0.027874 0.036906 
0.067047 -0.008885 -0.080445 -0.027705 0.003494 
-0.016421 0.020609 -0.029576 0.029755 -0.109042 
0.078601 -0.014246 0.028812 -0.022730 0.042634 
-0.037523 0.028199 -0.083746 0.036775 -0.009971 
0.037147 0.014445 -0.058619 0.061398 -0.011282 
-0.015391 0.000460 0.008396 -0.046827 -0.027835 
-0.014145 -0.069296 0.027030 0.067044 0.087990 
-0.003414 -0.125998 -0.042444 -0.033398 0.047298 
-0.084005 0.001739 0.050690 0.114059 -0.044072 
0.002756 0.040246 0.024529 -0.045169 0.010004 
-0.037919 -0.092984 0.039383 0.031606 0.079460 
0.010879 0.059048 -0.072431 -0.003405 0.086399 
0.008666 0.031679 -0.042362 0.054428 0.060492 
-0.022185 -0.099806 0.129259 -0.080670 -0.043866 
0.012856 0.013568 -0.033243 0.095598 0.093044 
0.062030 -0.075113 -0.037729 -0.060376 0.060004 
0.031119 -0.061372 -0.096201 0.101855 -0.016822 
-0.082510 -0.060718 -0.033015 -0.027222 0.007231 
0.062973 -0.041640 0.109215 0.081676 -0.013847 
-0.013324 0.027366 -0.033590 -0.046803 -0.039116 
0.061055 -0.037717 0.065252 0.078148 -0.053763 
0.050494 -0.011958 0.033369 -0.107018 0.057087 
-0.015111 0.079702 0.078616 0.051406 0.103170 
-0.055713 -0.031900 0.039951 0.010658 0.030803 
-0.032401 -0.161199 -0.006920 -0.041844 -0.054552 
0.068517 0.125210 0.080621 0.013543 -0.033413 
-0.044663 0.074392 0.035932 0.023301 -0.045912 
-0.009902 0.066933 0.032801 -0.049038 0.095407 
-0.039521 0.112499 -0.074490 0.036163 -0.044197 
0.018696 -0.011558 0.057933 -0.025639 -0.061431 
-0.081026 0.005753 0.057683 -0.011585 0.006821 
-0.006872 0.098313 0.119539 -0.081953 0.004434 
0.067413 -0.006236 0.002746 0.014715 0.026754 
-0.037853 0.034309 -0.028443 0.026642 -0.037707 
0.066061 0.019234 0.029629 -0.015190 -0.012766 
0.027166 -0.042834 -0.056186 -0.009603 -0.083747 
0.050175 0.073412 0.007110 0.043388 -0.043870 
0.042677 0.025735 -0.094635 -0.142996 -0.099443 
-0.025460 0.022178 0.045321 0.069113 0.054570 
-0.064131 0.000827 0.011239 0.039192 0.080176 
-0.032389 -0.013939 -0.064993 0.048795 -0.022851 
-0.004958 0.060895 0.123682 -0.068608 -0.074900 
-0.019889 -0.062160 0.073126 0.058232 -0.032283 
0.081527 -0.007318 -0.072361 0.003923 0.047891 
0.057147 0.118678 -0.020847 -0.014802 -0.015634 
-0.052605 -0.036531 0.034867 -0.078556 -0.111584 
-0.003560 0.003142 -0.024669 0.173160 0.032364 
-0.053222 -0.023754 -0.040899 -0.047008 -0.003696 
-0.033042 -0.093138 -0.004980 0.112166 0.080717 
-0.010216 -0.006619 0.021922 0.016601 -0.003126 
0.051343 0.053954 -0.046302 0.038985 0.078694 
-0.030092 -0.107599 -0.081002 -0.105924 0.002939 
0.011743 0.034846 0.003716 0.065184 -0.117462 
0.164375 0.073700 -0.033512 -0.050132 0.014156 
-0.000174 -0.023948 -0.024012 -0.006934 0.108972 
-0.059460 -0.048846 -0.012336 -0.051560 0.072806 
-0.018567 -0.058139 -0.097127 0.057960 -0.003780 
-0.069194 0.099784 0.014634 0.002396 0.004753 
0.054780 0.066215 0.126638 0.054455 0.006893 
-0.141807 0.059586 -0.018459 -0.063126 -0.022803 
-0.035254 0.069275 -0.013827 -0.071276 -0.003613 
0.069290 -0.132719 0.008038 -0.042340 0.029226 
-0.111912 0.046898 -0.082164 0.046524 0.042479 
0.097773 -0.009098 0.059874 0.073312 0.066974 
0.019922 0.006528 -0.012465 0.012819 -0.009649 
-0.002277 -0.027303 -0.050759 -0.050323 -0.080025 
-0.003253 -0.006990 -0.002405 -0.013040 -0.007020 
0.025178 0.055844 -0.116797 0.017350 -0.095996 
0.027313 0.001295 -0.036475 0.035209 -0.050719 
0.013403 0.027367 -0.033867 -0.020572 -0.083462 
0.026022 0.029014 0.068306 0.059719 0.045583 
-0.102670 -0.014676 -0.070060 -0.007867 0.061628 
0.021102 -0.044131 0.078378 0.066952 0.012162 
-0.059452 0.052841 -0.010660 -0.090335 -0.061320 
-0.052210 -0.080353 0.003880 -0.025212 0.019020 
-0.010473 0.007817 -0.044796 0.000027 0.083904 
0.006729 0.028716 -0.007627 0.008946 -0.012966 
-0.049870 -0.073154 0.092609 -0.040256 -0.020294 
0.003554 0.076666 -0.067856 0.042000 -0.009122 
0.044476 -0.118767 0.080698 -0.076039 0.023373 
0.024567 -0.033258 -0.036048 0.044153 -0.019221 
-0.018260 -0.035700 -0.029634 -0.065584 -0.049991 
0.042902 -0.000452 0.031084 0.045586 -0.065013 
0.072242 -0.014513 -0.122642 -0.018067 -0.052772 
0.066880 -0.103725 0.037586 0.013011 -0.086527 
0.032019 0.010695 0.027327 -0.089804 -0.030002 
0.010910 0.113012 -0.008852 0.024520 0.099760 
-0.077270 0.018171 0.079814 0.035008 0.127627 
-0.025609 -0.178637 -0.034357 0.054347 -0.012604 
0.043660 0.062421 0.068757 0.002273 0.000552 
-0.055697 0.010254 0.102285 0.024048 -0.044425 
-0.004860 0.053366 0.013063 -0.098388 0.046218 
0.043926 0.077559 -0.036943 0.060936 -0.016764 
0.098322 -0.041365 0.092078 0.019431 -0.039793 
-0.118098 0.023995 0.053538 0.015639 -0.041697 
-0.011851 -0.052177 0.084977 -0.050669 0.070218 
0.030401 -0.076060 -0.020483 0.012783 0.033816 
-0.050769 0.057281 -0.040092 -0.021298 -0.002690 
-0.001729 0.035744 0.065206 -0.002257 0.015864 
0.044906 0.045612 -0.081326 -0.040729 -0.018151 
-0.048153 0.086870 0.077712 0.059363 -0.027251 
-0.089240 0.025410 -0.036539 -0.067019 -0.057377 
0.058057 0.070889 -0.015866 0.124536 0.012038 
-0.007238 -0.051026 -0.027541 0.019248 0.026927 
-0.083553 -0.025718 -0.042635 0.058541 -0.011741 
-0.059778 0.065660 0.061292 -0.086725 -0.032482 
-0.047209 -0.027933 0.087677 0.047367 0.001582 
0.051308 -0.018242 -0.025264 -0.062026 0.074843 
0.088969 0.059484 0.048905 -0.025787 -0.015960 
0.010270 -0.030210 0.036763 -0.093327 -0.114689 
0.013105 -0.035443 -0.085439 0.043021 0.056988 
-0.020390 -0.008308 0.009722 -0.148341 0.081086 
0.010332 -0.101445 -0.021486 0.078663 0.025110 
0.007874 -0.023882 -0.034158 0.002488 -0.015558 
0.158690 -0.025837 -0.011736 0.035542 0.005703 
0.001555 -0.019753 -0.040038 -0.051161 -0.002844 
0.041149 0.021540 0.062971 0.012070 -0.035360 
0.091865 -0.090158 0.020460 -0.046615 -0.038100 
0.002630 -0.055311 0.026706 -0.008623 0.155705 
-0.030212 -0.117746 0.084958 -0.087229 0.092780 
-0.011810 -0.084822 -0.029035 0.127892 -0.065824 
0.008357 0.089638 0.003467 -0.034364 0.040506 
-0.001934 -0.050401 0.105320 0.007386 -0.011020 
-0.055669 0.029633 -0.034990 -0.028782 0.050039 
0.059295 0.118394 -0.033924 -0.132036 0.012985 
0.000793 -0.035658 0.031224 -0.040614 -0.014333 
-0.054078 0.015577 -0.031608 0.071981 0.019771 
0.079765 -0.007986 0.076487 -0.077172 0.119140 
0.102976 -0.039809 -0.092140 0.032478 -0.070501 
-0.026617 -0.016197 0.009189 -0.039295 -0.117914 
0.014457 -0.061592 0.025979 -0.028542 0.042043 
-0.029473 -0.031444 -0.158578 -0.003258 0.058182 
0.072344 0.052910 -0.092808 0.085354 -0.079413 
-0.044358 -0.041179 0.072986 -0.129686 -0.025728 
-0.005197 -0.108115 0.063915 0.073996 0.057224 
0.000050 -0.069751 -0.062690 0.026183 0.084719 
-0.052197 -0.011673 0.032435 0.084752 0.060158 
-0.031241 0.023120 0.048633 -0.025976 -0.032094 
0.051737 -0.070951 0.034497 0.003743 0.019843 
-0.055829 0.115532 -0.098594 -0.066675 0.048946 
0.003976 -0.010224 -0.071617 0.007215 0.017134 
-0.023828 -0.066295 0.084251 -0.039425 -0.074279 
-0.010390 0.058722 -0.091528 0.073371 0.071531 
-0.005671 -0.076154 -0.032125 -0.137305 0.071102 
0.068984 -0.088661 -0.037098 0.081501 -0.013426 
-0.093305 0.025622 -0.014982 0.007427 -0.068188 
0.064271 -0.035807 0.026492 0.107054 -0.095956 
-0.008699 0.021743 -0.031579 -0.040618 0.022948 
-0.006215 -0.028661 0.082129 0.022510 -0.090809 
0.032763 -0.014948 -0.000344 -0.068665 0.009455 
0.064722 0.101146 0.018141 -0.019456 0.082955 
-0.033054 0.018056 -0.025308 -0.023021 -0.006592 
-0.027499 -0.079456 -0.014152 0.030881 -0.059661 
-0.023889 0.075852 0.004376 -0.014776 -0.035516 
-0.031784 0.056947 0.125839 0.039811 -0.082984 
-0.015402 0.040202 0.031099 -0.040303 0.047701 
0.050471 0.082637 -0.118070 -0.024705 -0.027053 
0.042555 -0.045217 0.043471 -0.044274 -0.055532 
-0.050709 0.038372 0.139423 0.034228 0.044240 
-0.049598 -0.006876 0.084222 -0.084035 0.029679 
0.024672 -0.099431 -0.061796 0.004907 0.127399 
-0.065852 0.032572 -0.083461 0.040649 -0.064464 
0.021261 0.012978 0.043311 -0.006692 0.029174 
0.033834 0.010903 -0.049322 -0.023014 -0.053063 
0.050601 0.079776 0.017751 0.090575 -0.044427 
0.037446 0.038015 -0.114311 -0.116158 0.028262 
-0.049840 -0.001403 0.022194 0.134131 0.092987 
-0.066064 -0.014258 -0.007936 0.069423 0.006734 
-0.036449 -0.006999 0.014668 0.062054 -0.033927 
-0.037695 0.031955 0.072185 -0.067258 -0.065412 
-0.030677 -0.153131 0.064817 0.020761 -0.114634 
0.046484 -0.012249 -0.045214 -0.032565 0.032724 
0.038377 0.052687 -0.074746 0.015211 0.031545 
-0.001416 -0.092829 -0.036780 -0.058636 -0.153621 
-0.019035 0.008907 -0.020006 0.073795 0.064152 
-0.000207 -0.014885 0.001697 -0.075230 0.026080 
0.012374 -0.089499 0.037475 0.064069 0.017655 
-0.032040 -0.028499 0.036399 0.038500 -0.014121 
0.034750 -0.002062 -0.015799 0.000062 0.074059 
0.038031 -0.076502 -0.082402 -0.051544 -0.043409 
0.052959 0.046017 0.047906 -0.000054 -0.062527 
0.077616 -0.011144 -0.036095 0.006758 0.006522 
-0.023224 -0.010642 -0.107560 0.051291 0.103622 
-0.051956 -0.008535 -0.042995 -0.030987 0.123523 
0.039493 -0.107293 -0.068566 0.006004 -0.077249 
-0.049696 0.040608 0.002098 -0.005654 0.027282 
-0.009389 0.042181 0.088705 0.055663 0.013492 
-0.021941 -0.005352 -0.129536 -0.049372 0.006692 
0.010255 0.107988 0.009301 -0.029104 -0.027292 
0.015083 -0.122624 0.012460 0.056717 -0.065848 
-0.097599 0.064951 -0.063651 0.037039 -0.031919 
0.160199 -0.025996 -0.003930 -0.047321 0.027398 
0.043702 0.013525 -0.061810 0.010431 0.014853 
0.001414 -0.021460 -0.143900 -0.026666 -0.116995 
-0.024697 -0.005896 0.048756 -0.053298 0.041329 
0.012695 0.052326 -0.133818 0.105903 0.031440 
-0.035969 0.050106 0.022116 0.126387 -0.109337 
0.072036 0.100468 -0.005336 -0.056878 -0.046406 
0.015972 -0.014095 -0.004362 0.051363 0.094242 
-0.044797 -0.027049 -0.074056 -0.081706 0.012076 
-0.021437 0.047597 0.088166 0.121074 -0.053524 
-0.101688 0.029406 0.050242 -0.066960 0.062052 
-0.035998 -0.084834 0.048189 -0.024642 0.023264 
-0.011644 0.041881 -0.143927 -0.036006 0.064384 
0.021606 0.052025 -0.023292 0.037743 0.004852 
-0.027128 -0.078095 0.017231 -0.009425 -0.026275 
0.007197 0.096964 -0.068860 0.060880 0.037649 
0.014117 -0.065558 0.047350 -0.098632 0.083283 
0.045025 0.025416 0.038291 0.099379 -0.057242 
-0.098262 -0.004438 -0.093149 -0.017525 -0.064476 
0.025479 -0.016529 0.020430 0.012592 -0.009811 
-0.015037 0.005498 -0.076398 -0.034881 -0.007594 
0.028415 -0.040315 0.028704 -0.028492 -0.105515 
0.018470 0.042456 0.045301 -0.147209 0.007810 
-0.047688 0.032497 -0.008208 0.017988 0.084280 
-0.102271 0.004685 -0.018636 -0.003214 0.061342 
-0.034608 -0.028335 -0.058715 -0.016027 -0.027108 
0.008836 0.088808 0.038542 -0.020970 0.000400 
-0.050920 -0.007459 0.061998 -0.024563 -0.091152 
-0.014850 0.115523 0.022779 -0.107846 0.019813 
-0.004600 0.099048 -0.029527 -0.031147 -0.061377 
0.023544 -0.134421 0.066807 0.032147 0.021599 
-0.043477 0.029615 0.039209 0.024621 0.019526 
-0.002071 0.031970 0.101991 -0.003775 0.121976 
-0.006993 -0.073412 -0.104010 -0.006442 0.062073 
-0.052770 0.070835 -0.091445 -0.041991 -0.068768 
0.059883 0.020621 0.042259 0.038888 0.021605 
0.042693 0.038667 -0.040035 0.004977 -0.076466 
-0.022332 0.056801 -0.000212 0.035708 -0.032640 
-0.038064 0.006782 -0.009894 -0.100385 -0.033497 
0.025298 0.034269 0.027448 0.077164 0.050701 
-0.027548 -0.022455 -0.035381 0.018361 -0.004348 
-0.069287 -0.017294 -0.004310 0.071591 -0.054832 
-0.053949 -0.001929 0.071395 -0.015681 -0.038443 
-0.044016 -0.048662 0.078642 0.014355 0.048150 
-0.009957 0.032861 -0.075294 -0.123870 0.026265 
0.093728 0.046174 -0.009184 -0.050917 0.079102 
0.050699 -0.110383 -0.040917 -0.086311 0.012596 
0.001827 -0.059395 -0.048207 0.063786 0.026565 
-0.077077 -0.004569 -0.044546 -0.099623 0.006256 
-0.016101 -0.027424 0.017338 0.024906 0.015827 
-0.027372 -0.017107 0.034566 -0.019851 -0.035154 
0.065204 -0.032861 -0.006305 0.115986 0.005671 
0.060617 -0.019162 -0.098096 -0.042694 0.047107 
0.037104 -0.008058 0.084632 -0.004556 -0.101542 
0.075086 -0.009191 0.004624 -0.043225 -0.002498 
0.032484 0.053384 0.011807 -0.035382 0.158001 
-0.043066 -0.071159 0.039828 -0.062471 0.016281 
-0.043445 -0.029971 -0.014564 0.054938 -0.076111 
0.022672 0.108672 0.099046 0.018104 0.033550 
0.027144 -0.053217 0.067212 0.035840 -0.020805 
-0.064595 0.009953 -0.011147 -0.063721 0.036759 
0.018701 0.102409 -0.031796 0.011001 -0.023883 
0.028968 -0.057157 -0.042508 -0.052145 0.008972 
-0.065914 0.070920 -0.087959 0.024752 0.079740 
0.056457 0.008541 0.080771 -0.042955 -0.022030 
0.077296 -0.087393 -0.065077 0.010062 -0.035395 
-0.023652 0.009169 0.016281 0.043270 -0.112518 
0.024860 -0.024549 0.016927 -0.028905 0.029316 
-0.008912 -0.016575 -0.120884 0.023903 -0.054407 
0.044132 0.038152 0.018656 0.065922 -0.016132 
-0.006389 -0.043456 -0.005277 -0.038377 -0.043256 
-0.028775 -0.034704 0.041058 0.024792 0.075342 
-0.087680 -0.084754 -0.123797 0.069380 0.046858 
-0.058807 0.032247 -0.003162 0.075858 -0.011643 
-0.015012 0.064356 0.018978 -0.013598 0.027903 
-0.019744 -0.072473 0.036145 -0.023830 0.091601 
0.000445 0.030482 -0.087404 -0.045375 0.130636 
0.016918 0.057383 -0.002236 0.019154 0.035447 
-0.068637 -0.064903 0.079540 -0.091132 -0.027111 
0.020001 -0.002105 -0.063610 0.085303 0.021592 
0.135112 -0.114788 0.011338 -0.012485 0.059281 
0.089211 -0.036178 -0.066274 0.112956 0.046283 
-0.074477 -0.051750 0.031961 0.038617 0.011847 
0.114117 -0.067782 0.028677 0.047877 0.009921 
0.018292 0.016738 -0.056403 -0.038710 -0.010604 
0.020050 -0.022217 0.056833 0.036114 -0.051337 
0.155982 0.012794 -0.028857 -0.120583 0.084902 
0.013151 0.029339 0.004512 0.029269 0.158467 
-0.059083 -0.044942 -0.002369 0.025053 0.077484 
-0.006987 -0.128357 0.000998 0.000658 -0.008066 
0.002694 0.078402 0.051558 0.026018 -0.035135 
-0.051516 0.093206 0.075687 0.007585 -0.030493 
-0.042801 0.024643 0.035323 -0.068825 0.138089 
-0.012481 0.043826 -0.059032 -0.004079 -0.057181 
0.030592 -0.043929 0.081829 -0.034370 -0.027097 
-0.043916 0.028082 0.040159 -0.023825 0.016659 
-0.040314 0.027255 0.066119 -0.088450 0.079633 
0.085602 -0.045368 -0.019169 0.063621 0.015908 
-0.012968 0.043077 -0.011652 -0.009363 -0.072419 
0.041253 0.015117 -0.000599 -0.038888 -0.015197 
0.070823 -0.013167 -0.026186 0.024055 -0.072483 
-0.003924 0.013391 0.055366 0.084999 -0.038449 
0.043468 0.030321 -0.071656 -0.068751 -0.085100 
-0.045854 -0.012937 0.001146 0.029160 0.007917 
-0.038722 -0.013069 -0.022602 0.017646 0.050031 
-0.034069 0.004746 -0.045839 0.088322 -0.033433 
-0.049425 0.044323 0.135449 -0.033950 -0.006189 
0.008117 -0.074632 0.033319 0.057707 -0.034315 
0.061949 0.058279 -0.069064 -0.024633 0.083634 
0.044328 0.065502 0.039147 0.045297 0.010853 
-0.035928 -0.034367 0.029180 -0.079893 -0.056124 
-0.021337 0.069848 -0.042840 0.100637 -0.021594 
-0.017056 -0.026458 -0.005396 -0.038921 0.024334 
-0.013119 -0.040654 -0.019092 0.122318 0.060562 
0.014946 -0.017839 0.014916 0.007557 -0.055684 
0.085343 0.020079 -0.020189 0.024923 0.038626 
-0.008572 -0.098936 -0.015287 -0.036331 -0.030196 
0.029395 0.068464 0.062459 0.007118 -0.121145 
0.090713 0.018611 -0.060202 -0.064626 -0.026447 
0.020572 -0.066985 -0.020928 0.046500 0.071362 
-0.032780 -0.113550 -0.035570 -0.046101 0.123381 
-0.000637 -0.030887 -0.085549 0.058943 -0.047480 
-0.069392 0.133001 0.039940 -0.054277 0.026772 
0.012818 0.061828 0.101149 -0.034239 0.018944 
-0.101441 0.071801 -0.065653 -0.058695 0.062080 
0.017518 0.111010 -0.059046 -0.054110 -0.031295 
0.055930 -0.143458 -0.044617 -0.023186 -0.013649 
-0.111579 0.040441 -0.065712 0.110422 0.014995 
0.035371 0.001600 0.051063 -0.002833 0.096648 
0.023072 0.007446 -0.027126 -0.021716 0.006914 
-0.066680 -0.023776 -0.033004 0.018842 -0.100090 
0.006577 -0.009435 0.014480 0.005289 0.027268 
-0.023355 -0.000517 -0.035704 0.018493 -0.073805 
0.007356 0.036041 -0.026668 0.057975 -0.046666 
0.054676 0.021222 0.006590 -0.020075 -0.091969 
-0.024459 -0.004411 0.080089 0.014146 0.047996 
-0.013099 -0.028560 -0.086210 -0.038070 0.115542 
-0.029380 -0.069424 0.000189 0.102273 0.014531 
-0.058430 0.045176 -0.004636 -0.048318 0.011492 
-0.070572 -0.166966 0.056891 0.042773 0.015200 
0.025472 0.000731 -0.061858 -0.008651 0.108291 
0.012505 0.032344 0.012567 0.062585 0.015632 
-0.026488 -0.012319 0.030187 -0.052121 0.002827 
-0.017721 0.065865 -0.047380 0.020409 0.023943 
0.079766 -0.046306 0.060273 -0.027458 0.038828 
0.032883 -0.043636 0.000901 0.075220 -0.005792 
-0.090456 -0.041894 0.002536 -0.104333 -0.034913 
0.038532 -0.048225 0.033342 -0.011078 -0.035938 
0.000390 0.038012 -0.135572 -0.025786 -0.050179 
0.001333 -0.078764 0.020818 -0.022520 -0.065079 
0.013806 0.009337 0.024640 -0.064068 -0.007668 
-0.005821 0.054794 0.006679 0.052490 0.085097 
-0.084449 0.026105 0.043027 -0.006820 0.063480 
-0.005166 -0.108834 -0.074395 0.066384 0.003385 
0.002689 0.152176 0.074065 -0.025017 0.001996 
-0.026355 -0.035760 0.063399 -0.010722 -0.053613 
0.040833 0.083154 0.032094 -0.074978 0.040456 
0.007659 0.060872 -0.050901 0.029009 -0.066327 
0.040735 -0.106153 0.073500 -0.025479 -0.054887 
-0.075445 0.009415 0.016203 0.012388 0.014428 
0.000457 -0.036095 0.143621 0.046534 0.106183 
-0.039550 -0.060834 -0.058729 -0.030704 0.046588 
-0.069071 0.044146 -0.047632 -0.019171 -0.064829 
0.017817 0.047929 0.039073 0.022116 0.021014 
0.033732 0.050846 -0.059942 0.004345 -0.029985 
-0.080140 0.129440 0.031031 0.084146 0.016015 
-0.036682 0.044772 -0.049258 -0.056682 -0.051988 
0.039973 0.080584 0.002750 0.080571 0.017418 
-0.049233 -0.050745 -0.078517 0.041796 0.028714 
-0.073271 -0.009924 -0.046737 0.077202 -0.089452 
-0.100286 0.026524 0.025935 -0.000519 -0.108153 
-0.097136 -0.011694 0.088312 0.041746 0.052188 
0.026268 -0.054000 -0.039524 -0.030580 0.094436 
0.083377 0.058849 0.024027 0.068118 0.022595 
0.041719 -0.067897 0.005738 -0.058511 -0.080953 
-0.011827 -0.008352 -0.136686 0.077343 0.036266 
0.035162 -0.013237 -0.040135 -0.166246 0.029329 
0.031590 -0.082787 -0.003165 0.022566 -0.029527 
-0.026857 -0.030669 -0.012846 -0.014703 -0.024941 
0.097289 0.062474 -0.023270 0.071516 0.026007 
0.012490 -0.079323 -0.064277 -0.101304 -0.014965 
0.038609 0.050228 0.059018 -0.054583 -0.037042 
0.088943 -0.050793 -0.023046 -0.036841 -0.049866 
0.006089 -0.012353 0.050822 -0.044544 0.133501 
-0.044647 -0.060379 0.051279 -0.028470 0.068335 
-0.008481 -0.078112 -0.022666 0.077373 -0.024423 
0.000007 0.064437 0.062147 -0.038681 0.032008 
-0.017525 -0.067472 0.114370 0.020743 -0.076853 
-0.017874 0.001327 -0.014704 -0.014656 0.034577 
0.024361 0.056274 0.006448 -0.028830 0.044899 
0.016576 -0.044087 -0.010917 -0.013797 -0.018111 
-0.065385 -0.007719 -0.037632 0.031813 0.021400 
0.049162 0.020931 0.037485 -0.026412 0.056338 
0.036907 -0.042904 -0.132436 0.043098 -0.041228 
-0.035680 0.034986 0.047873 -0.072791 -0.131274 
0.044610 -0.023411 -0.025045 0.005907 0.046734 
-0.032724 -0.061008 -0.111818 0.015564 -0.002133 
-0.015445 -0.011766 -0.048157 0.139974 -0.079607 
0.004936 -0.033105 0.052832 -0.087579 -0.040662 
-0.055766 -0.026403 0.102134 0.084616 0.064986 
-0.020826 -0.077346 -0.025393 -0.002277 0.084614 
-0.053523 -0.091453 0.022927 0.150824 -0.002083 
-0.001161 0.030663 0.060472 -0.050918 0.018421 
0.027526 -0.091037 0.070144 0.040963 0.090458 
0.030099 0.071509 -0.062928 -0.052351 0.030143 
-0.026417 0.032481 -0.045066 0.000111 -0.004684 
-0.002093 -0.014278 0.173191 -0.019552 -0.072985 
0.033124 0.074779 -0.053669 0.106059 0.090086 
0.039197 -0.065054 0.025258 -0.050488 0.068107 
0.037370 -0.074734 -0.072895 0.041719 -0.026666 
-0.116776 -0.050593 -0.022049 0.019100 -0.052687 
0.077699 0.002538 0.021642 0.069070 -0.025842 
-0.025721 0.004558 -0.051248 -0.059783 -0.021367 
-0.043714 -0.040732 0.063823 0.074918 -0.079342 
0.050195 0.021249 -0.028816 -0.061727 0.018248 
0.005884 0.050434 -0.021363 -0.018341 0.100200 
-0.041043 -0.005428 0.011984 -0.030931 0.026453 
0.005239 -0.089215 -0.046851 0.018966 -0.029878 
-0.019543 0.106899 0.047058 -0.097279 -0.091117 
-0.029152 0.017775 0.066229 0.079262 -0.009853 
0.015344 0.002972 0.005261 -0.068619 0.065134 
0.021325 0.052198 -0.040335 -0.031105 -0.022038 
0.046868 -0.008746 0.024060 -0.039353 -0.043527 
-0.053729 0.048245 0.078712 0.063353 0.054853 
0.000893 -0.011563 0.116159 -0.043972 0.030272 
0.054786 -0.024768 -0.040403 0.056841 0.146419 
-0.034807 0.057094 -0.054852 0.104343 -0.076770 
0.050072 0.052860 0.019579 -0.001424 0.015739 
0.065242 -0.006303 -0.020658 -0.036628 -0.138792 
0.038907 0.049015 0.064288 0.105084 -0.009955 
-0.013576 0.042749 -0.058027 -0.060563 0.018986 
-0.042694 0.055557 0.029964 0.088314 0.017075 
-0.098025 -0.059071 -0.029354 0.030490 0.045049 
-0.039481 -0.016714 -0.028323 0.051148 -0.033224 
-0.012870 -0.002631 0.095782 -0.018745 -0.067411 
-0.067803 -0.096432 0.048605 0.001590 -0.007541 
0.020762 0.011888 -0.020905 -0.048766 0.049192 
0.094934 0.090567 -0.064939 0.021130 0.094459 
-0.009557 -0.060711 -0.057713 -0.034265 -0.053583 
-0.016969 -0.012648 -0.063332 0.105446 0.016028 
-0.006489 -0.023448 0.027450 -0.092041 -0.002328 
0.038286 -0.093578 0.014068 0.045683 0.038064 
-0.013579 0.012105 0.031264 0.028629 -0.053522 
0.018638 0.010295 -0.019741 0.051773 0.021102 
-0.003833 -0.088492 -0.107650 -0.039638 -0.042960 
0.017232 0.033768 0.024773 0.031441 -0.026193 
0.102995 -0.003033 0.013478 -0.022850 -0.045542 
-0.043058 0.040213 -0.037024 0.062912 0.127046 
0.001959 -0.029856 0.021744 -0.024546 0.073822 
0.034590 -0.034810 -0.073281 0.037715 -0.086249 
-0.031013 0.094574 -0.014633 0.035329 -0.001586 
-0.004488 -0.022600 0.105074 0.068271 0.014684 
-0.069910 0.035216 -0.046091 -0.056792 0.016636 
-0.031304 0.104876 0.015142 -0.014980 -0.018234 
0.076863 -0.070661 -0.018752 0.021078 -0.015693 
-0.082177 0.139823 -0.020936 0.000788 -0.047650 
0.086463 0.003184 0.053978 0.016598 0.005082 
0.037579 -0.007222 -0.068342 0.001780 -0.016838 
0.000034 0.019368 -0.028889 -0.073195 -0.167931 
-0.002740 -0.051503 0.060666 -0.048875 0.013166 
-0.002367 0.018484 -0.088268 0.058154 -0.005778 
-0.019212 0.030488 -0.007580 0.042345 -0.062956 
0.013296 0.040910 0.018849 -0.062445 -0.062359 
-0.004222 -0.003121 0.026069 0.075825 0.086917 
0.019144 -0.018779 -0.072348 -0.063072 0.046388 
0.009524 -0.032045 0.075619 0.076314 -0.042349 
-0.026193 -0.003729 0.066560 -0.103338 -0.004071 
-0.000469 -0.090470 0.033564 -0.067881 0.027775 
0.040936 0.054314 -0.123113 -0.001763 0.032899 
0.028282 0.057689 -0.011369 0.021664 -0.023786 
-0.104368 -0.070997 0.059588 -0.014596 -0.042435 
0.003429 0.090193 -0.113362 -0.007873 0.011799 
0.036299 -0.059670 0.054351 -0.084675 0.034819 
-0.007507 -0.018723 -0.009649 0.092970 0.008836 
-0.028752 -0.044170 -0.070934 -0.103397 -0.030638 
0.048533 -0.032645 0.020691 0.053664 0.011144 
-0.021593 0.015401 -0.085379 -0.058031 -0.078320 
-0.003648 -0.010436 -0.012911 -0.007136 -0.134525 
0.030251 0.042795 0.087389 -0.092708 -0.026287 
-0.039855 0.155791 -0.013492 -0.036665 0.072298 
-0.133309 -0.003156 0.013287 -0.012142 0.018020 
-0.071518 -0.038880 -0.026195 0.009773 -0.006971 
0.044349 0.079337 0.015294 -0.035758 -0.003607 
-0.058092 0.001525 0.042209 0.047862 -0.061178 
0.014357 0.093707 0.022406 -0.118850 -0.034213 
0.019269 0.070424 -0.016998 0.021550 -0.094794 
0.004962 -0.108204 0.128671 0.015466 0.031554 
-0.080559 0.041092 0.022039 0.001186 -0.022630 
-0.043310 0.005192 0.074769 -0.022963 0.039941 
0.055086 -0.081362 -0.064870 0.040274 0.052633 
-0.062993 0.085037 -0.010420 -0.016774 -0.052155 
0.002576 0.013639 0.061713 0.041734 -0.008138 
0.080793 0.024851 -0.042037 0.019932 -0.048494 
-0.029059 0.146206 0.042139 0.033378 -0.021081 
-0.014080 0.001144 -0.016467 -0.076606 -0.056525 
0.005355 0.079452 0.043451 0.085716 0.029884 
-0.042582 -0.055446 0.005137 0.000476 0.001691 
-0.041210 -0.077759 0.022581 0.046845 -0.028540 
-0.120802 -0.013263 0.072039 -0.031588 -0.006830 
-0.040167 -0.125914 0.088795 0.022744 0.055951 
0.003326 0.027383 -0.028722 -0.123214 0.059791 
0.097070 0.030682 -0.019252 0.000330 0.082240 
0.006364 -0.113196 0.035671 -0.063923 -0.075420 
0.017812 -0.046079 -0.059540 0.093696 0.056472 
-0.031904 -0.065015 -0.019089 -0.091007 0.031632 
0.018500 -0.054687 0.032704 0.040721 0.012163 
-0.041854 -0.010613 -0.017039 -0.028850 -0.061295 
0.029279 0.000022 -0.023031 0.084704 0.032995 
0.000464 -0.042280 -0.122277 -0.133466 0.058700 
0.095073 0.044206 0.068361 0.039925 -0.039455 
0.043618 -0.033785 0.035086 -0.056425 0.019711 
0.049265 0.053168 0.030600 -0.096642 0.090726 
-0.078183 -0.002747 0.032400 -0.043278 0.040809 
-0.019946 -0.088229 0.027009 0.056114 -0.113044 
-0.020901 0.076359 0.059245 0.016714 0.040966 
-0.010584 -0.003554 0.056159 0.010151 0.000010 
-0.027039 0.073329 -0.015462 -0.016179 0.013943 
0.075066 0.067462 -0.030769 -0.024755 -0.022212 
0.040264 -0.071337 0.009512 -0.045952 0.023049 
-0.094656 0.057345 -0.124101 -0.007720 0.037588 
0.036110 -0.011456 0.089645 -0.007765 0.014716 
0.059788 -0.047648 -0.019740 -0.007164 -0.013816 
-0.060158 0.013439 0.002759 -0.025340 -0.091571 
0.043341 -0.028869 0.026551 -0.031854 0.060505 
-0.049549 0.033978 -0.109503 0.068308 -0.028080 
0.053928 -0.022460 -0.086171 0.086833 -0.045654 
0.000759 -0.010999 0.026013 -0.046809 -0.054160 
-0.030739 -0.041475 -0.010348 0.057903 0.106187 
-0.031967 -0.136159 -0.056033 0.020976 0.056817 
-0.030310 0.060592 0.045537 0.086963 -0.032719 
0.018689 0.033949 0.017964 -0.019455 0.008378 
0.014325 -0.124934 -0.010142 0.033116 0.066121 
-0.008592 0.059328 -0.090438 -0.060148 0.065598 
-0.010732 0.014210 -0.046081 0.019411 0.040325 
-0.012140 -0.084611 0.064608 -0.023209 -0.018978 
0.028244 -0.000390 -0.070852 0.136445 0.055833 
0.034530 -0.106636 -0.049748 -0.043837 0.056670 
-0.020391 -0.027277 -0.125403 0.082621 -0.064172 
-0.085208 -0.034925 0.000691 -0.016798 0.037357 
0.058365 -0.014015 0.051315 0.078205 0.001672 
0.009538 0.041777 0.001519 -0.031501 -0.027967 
0.008286 -0.051667 0.045953 0.057151 -0.083565 
0.099401 0.052489 0.027972 -0.093449 0.022696 
0.014953 0.056948 0.062741 0.024005 0.076825 
-0.029857 -0.002820 0.046866 -0.002247 0.022284 
-0.005875 -0.120877 -0.029880 0.030478 -0.074641 
0.026517 0.141968 0.041939 -0.017604 -0.063098 
-0.042315 0.108332 0.077079 0.042498 -0.093786 
-0.000624 0.109876 0.061671 -0.037131 0.145507 
-0.015339 0.059306 -0.094584 0.004561 -0.031261 
0.003112 -0.004144 0.054816 -0.035342 -0.020048 
-0.055998 -0.008131 0.096183 0.002903 0.002243 
-0.024465 -0.011484 0.122067 -0.117424 0.061629 
0.100785 -0.008995 -0.021311 -0.034915 0.028992 
-0.065386 0.062233 0.009424 0.013652 -0.066035 
0.068604 0.015424 -0.016048 -0.028882 -0.021780 
0.034733 -0.052918 -0.046384 0.003918 -0.037747 
0.012883 0.061961 0.011614 0.047979 -0.020950 
0.012662 -0.003597 -0.016134 -0.114584 -0.032846 
-0.025773 0.029225 0.029423 0.035929 0.050919 
-0.093288 0.024548 0.026469 0.086567 0.069788 
-0.015915 0.014888 -0.054796 0.032121 0.010392 
0.010094 0.027316 0.105326 -0.033913 -0.034646 
-0.047655 -0.119467 0.014906 0.070898 -0.051722 
0.085920 0.026450 -0.048565 -0.048393 0.040708 
0.013886 0.115144 0.000426 0.025815 0.028617 
-0.076183 -0.060818 0.007730 -0.030613 -0.106233 
0.008414 0.008274 -0.071702 0.123060 -0.014131 
-0.075611 -0.006558 -0.031029 -0.038394 0.018650 
-0.068219 -0.088628 0.017122 0.073322 0.003094 
0.023978 -0.022533 0.052647 0.005485 -0.022853 
0.047387 0.058945 -0.012186 0.049493 0.117395 
-0.008681 -0.136174 -0.057438 -0.017543 -0.020215 
0.064213 -0.018764 0.030830 0.026967 -0.104162 
0.097321 0.026515 -0.008192 -0.071056 -0.023457 
0.037214 -0.028805 0.019265 0.010163 0.118572 
-0.083174 -0.026261 -0.079021 -0.109716 0.081199 
-0.001821 -0.039505 -0.064758 0.022196 -0.008395 
-0.056773 0.070319 0.039957 -0.024091 -0.012671 
0.043873 0.034859 0.113349 0.002335 -0.016767 
-0.117575 0.038224 -0.016650 -0.007249 -0.028289 
-0.020867 0.099598 -0.027205 -0.047643 -0.022079 
0.062869 -0.095742 0.004349 -0.009783 -0.009631 
-0.114174 0.101698 -0.020882 0.032183 0.046772 
0.066030 0.023138 0.031676 0.048789 0.064708 
0.016049 -0.022143 -0.026033 0.014811 0.017879 
0.005234 -0.011470 -0.061933 0.012402 -0.073904 
-0.008574 0.011810 0.022041 -0.034666 0.015863 
0.032824 0.011302 -0.083572 0.034152 -0.049572 
0.046696 -0.004826 -0.026282 0.006930 -0.036282 
0.018845 0.023008 -0.022702 0.002839 -0.056809 
0.046756 -0.012044 0.093032 0.037759 0.053581 
-0.068607 -0.014841 -0.102444 -0.056353 0.054083 
0.022493 -0.027398 0.044342 0.073545 -0.016381 
-0.030891 0.080430 0.020741 -0.064660 -0.030998 
-0.064001 -0.094590 -0.012708 0.031636 0.033664 
0.017650 -0.020332 -0.049802 0.010802 0.048687 
-0.014333 0.032177 -0.003331 0.031214 -0.009314 
-0.043033 -0.047137 0.054111 -0.030505 -0.006532 
0.021755 0.050908 -0.056081 0.074478 0.019301 
0.003105 -0.097554 0.054912 -0.016068 0.031570 
0.019298 -0.067236 -0.010230 0.065782 -0.048545 
-0.032341 -0.039446 -0.004134 -0.054109 -0.014461 
0.064470 -0.004466 0.064183 -0.013807 -0.040371 
0.012385 -0.043869 -0.179654 -0.075267 -0.058833 
0.027833 -0.078315 0.006233 0.019417 -0.100407 
0.057753 0.000717 0.032416 -0.121474 -0.047213 
-0.015720 0.092246 -0.059387 0.040603 0.109440 
-0.058153 0.071202 0.030939 0.049569 0.087021 
-0.076095 -0.131564 -0.027353 -0.000486 -0.015803 
0.104552 0.088105 0.072307 -0.020686 0.043142 
-0.089957 0.000627 0.140513 0.006435 -0.023427 
-0.000585 0.090754 0.029188 -0.057282 0.010274 
0.075187 0.111159 -0.057877 0.069809 -0.050756 
0.062932 -0.036407 0.050992 0.009269 -0.006383 
-0.106503 0.017063 0.008141 0.064195 -0.045832 
0.011576 -0.041847 0.061264 -0.005204 0.058984 
0.021548 -0.048377 -0.044097 0.010789 0.013451 
-0.063551 0.063079 -0.080144 -0.027762 -0.017784 
-0.023803 0.027775 0.060824 0.001841 -0.009369 
0.061007 0.032254 -0.064190 -0.006988 -0.010230 
-0.038793 0.076776 0.045814 0.049754 0.027771 
-0.047904 0.017897 -0.052309 -0.106778 -0.037221 
0.011510 0.060085 -0.009615 0.096725 0.047490 
-0.010900 -0.074275 -0.061489 0.016070 0.006262 
-0.121827 0.005654 -0.050379 0.042456 -0.027064 
-0.068110 0.106922 0.068599 -0.034845 -0.067145 
-0.036874 -0.041315 0.035902 0.059175 0.013939 
0.008294 -0.000352 -0.046255 -0.058090 0.089826 
0.091060 0.092701 0.009236 0.013325 -0.019194 
0.039376 -0.018583 -0.016868 -0.096550 -0.086377 
-0.016296 0.002608 -0.083265 0.049964 0.042836 
-0.011462 -0.046261 0.084247 -0.180528 0.034023 
0.041962 -0.128842 -0.057438 0.031753 -0.013294 
-0.008752 -0.054893 -0.036386 -0.004605 -0.020903 
0.113550 0.017158 -0.063971 0.047456 0.033803 
0.026820 -0.033048 -0.057221 -0.039801 -0.029135 
0.004112 0.055166 0.080631 0.011347 -0.039214 
0.069633 -0.057947 0.018314 -0.110810 -0.006258 
0.011057 -0.058755 -0.016184 -0.078348 0.154720 
-0.056156 -0.110551 0.114867 -0.031689 0.014677 
0.024109 -0.060048 0.019844 0.109975 -0.045339 
0.002565 0.067118 0.019907 0.004995 0.078815 
-0.017892 0.015592 0.118138 0.009682 -0.024624 
-0.025684 0.027247 -0.044912 -0.011851 0.057506 
0.106751 0.066538 -0.073230 -0.069470 -0.044869 
-0.007738 -0.078232 0.000098 -0.056553 -0.000261 
-0.069574 0.025403 -0.032460 0.042204 -0.009414 
0.024336 0.002379 0.084422 -0.062254 0.070007 
0.083297 0.011215 -0.087554 0.008854 -0.031248 
-0.019485 0.015117 0.019539 -0.018885 -0.091190 
0.006668 -0.029364 0.010585 0.004194 0.053285 
-0.032862 0.007750 -0.181078 0.014752 -0.032591 
0.035286 0.052475 -0.044255 0.152326 -0.034986 
0.001871 -0.048154 0.032533 -0.150372 -0.061009 
0.025623 -0.057468 0.099245 0.098809 0.047259 
-0.017644 -0.089718 -0.052981 0.060000 0.050683 
-0.093984 -0.012007 0.021790 0.115572 0.011056 
-0.005239 0.022166 0.036556 -0.019139 -0.017723 
0.036182 -0.053160 0.008506 0.003654 0.035883 
-0.011143 0.126442 -0.042372 -0.049170 0.021566 
-0.034390 0.004133 -0.083543 0.003794 0.003199 
0.023898 -0.058139 0.097937 -0.021906 -0.118046 
-0.009779 0.053140 -0.086424 0.032891 0.040964 
0.003078 -0.054441 -0.008601 -0.059920 0.074604 
0.120587 -0.102501 -0.066840 0.070391 0.032323 
-0.084081 -0.025867 0.003136 -0.037883 -0.064963 
0.077565 -0.011987 -0.030929 0.076324 -0.096244 
-0.003417 0.038221 -0.027320 -0.034091 0.001490 
-0.007638 -0.034015 0.052893 0.055546 -0.147361 
0.042258 -0.020035 -0.017400 -0.076711 -0.017528 
0.045540 0.051725 -0.024199 -0.035180 0.069090 
-0.066211 0.016712 0.012236 -0.023556 -0.008512 
-0.043404 -0.040132 0.006223 0.020953 -0.040829 
-0.031888 0.063196 0.044618 -0.021241 -0.065557 
0.013691 0.016905 0.113755 0.054933 -0.021644 
0.016741 0.030625 0.010121 -0.037365 0.072566 
0.006060 0.080380 -0.086262 -0.033079 -0.082250 
0.087161 -0.049737 0.100611 -0.073241 -0.060578 
-0.018873 0.076177 0.146262 0.031684 -0.014816 
-0.074152 0.012492 0.111905 -0.037241 0.036831 
0.091650 -0.058779 -0.035497 0.009717 0.105238 
-0.068452 0.050555 -0.035241 0.038942 -0.086304 
0.055772 0.028480 0.055647 -0.013345 0.009719 
0.060855 -0.009449 -0.029466 -0.039618 -0.045775 
0.012008 0.093753 0.059452 0.084398 -0.063094 
0.003659 0.074625 -0.110159 -0.075540 -0.006386 
0.010137 0.032774 0.014827 0.166347 0.079179 
-0.032299 -0.047524 -0.033098 0.052546 0.023211 
-0.005083 -0.040770 0.010451 0.047465 -0.015315 
-0.001296 0.006073 0.070897 -0.060137 -0.051576 
-0.032384 -0.082914 0.047391 0.018599 -0.072054 
0.020109 0.006570 -0.072222 -0.028125 0.023991 
0.073458 0.052141 -0.039550 0.020745 -0.004247 
-0.027316 -0.026412 -0.050898 -0.048547 -0.135601 
-0.022268 0.038434 -0.006989 0.106829 0.013384 
0.000746 0.016253 -0.014804 -0.086222 0.017979 
0.043413 -0.078404 0.050130 0.105998 0.009523 
-0.080688 -0.029072 0.043530 0.018815 -0.027097 
0.017270 0.008265 0.029905 0.025756 0.068311 
0.010413 -0.062141 -0.092435 -0.009085 -0.011445 
0.024539 0.076003 0.038136 -0.010407 -0.045941 
0.082228 -0.001579 -0.035917 0.064558 -0.023500 
-0.063481 0.003930 -0.067573 0.030233 0.098224 
-0.042799 0.003064 0.009816 -0.008225 0.109707 
-0.034960 -0.080238 -0.123786 0.048109 -0.059473 
-0.055367 0.057060 -0.001238 0.030381 0.025074 
0.006831 0.017900 0.111674 0.097968 0.015896 
-0.050238 0.041727 -0.107658 -0.072374 -0.018776 
0.001860 0.159151 -0.015443 -0.046034 -0.062151 
0.065586 -0.066719 0.031320 0.059675 -0.022808 
-0.066461 0.086303 -0.026658 0.070774 0.006480 
0.159805 -0.035879 0.058009 0.012928 -0.008505 
0.051041 -0.000692 -0.022889 0.039547 0.001201 
-0.030295 0.029145 -0.073169 -0.019964 -0.102560 
-0.021646 -0.009084 0.039313 -0.008758 0.059413 
0.019112 0.068432 -0.154269 0.042342 -0.017110 
0.003279 0.087898 0.002044 0.110066 -0.076844 
0.041884 0.035740 -0.001247 -0.094360 -0.090406 
0.040890 -0.028718 0.013704 0.031084 0.040651 
-0.028325 -0.027470 -0.060171 -0.069388 0.051373 
-0.010018 0.016317 0.030962 0.131065 -0.012443 
-0.085994 0.023695 0.036048 -0.123378 0.017394 
-0.014188 -0.147008 0.010122 -0.048605 0.011567 
0.011549 0.033481 -0.087698 -0.007977 0.012262 
0.046426 0.046093 -0.000803 0.034084 0.024231 
-0.011190 -0.037156 0.022545 0.009116 -0.021868 
0.000176 0.161431 -0.066441 -0.004212 0.008997 
-0.027580 -0.039554 0.047688 -0.114080 0.037481 
0.021017 -0.015449 0.023651 0.076890 -0.062376 
-0.089367 -0.035901 -0.117304 -0.014988 -0.004232 
0.065798 -0.038753 0.006615 0.027216 0.000892 
-0.043842 -0.027915 -0.077769 -0.025289 0.007296 
0.021684 -0.008098 0.034493 0.002195 -0.089680 
0.015447 0.014866 0.063536 -0.107947 0.040356 
-0.049353 0.085041 -0.019010 0.017126 0.054466 
-0.095573 0.040640 0.005208 0.001846 0.046985 
-0.060406 -0.059147 -0.078410 0.032047 -0.027762 
0.023664 0.067476 0.025927 0.004505 -0.005180 
-0.107366 -0.052865 0.059971 0.018624 -0.086019 
-0.038792 0.082042 -0.009606 -0.082518 0.048899 
-0.032272 0.118434 -0.029891 0.014012 -0.078772 
0.071631 -0.124648 0.096824 0.071580 -0.014951 
-0.078224 0.028148 0.050459 0.044666 -0.016543 
-0.039821 -0.016072 0.087706 -0.056648 0.087416 
0.030016 -0.076113 -0.101181 -0.049336 0.048944 
-0.063956 0.087916 -0.036885 -0.059650 -0.044808 
0.054549 0.006956 0.033701 0.030349 -0.017304 
0.057616 0.016137 -0.052723 0.039906 -0.101393 
-0.068763 0.099576 0.006264 0.083677 -0.032515 
-0.006446 0.031066 0.009386 -0.132131 -0.067080 
0.049843 0.065652 0.020336 0.046760 0.071347 
-0.013796 -0.001044 -0.022677 0.019523 0.014154 
-0.120083 -0.039608 0.050937 0.066017 -0.034193 
-0.069836 0.025969 0.058877 -0.033911 -0.021741 
0.005164 -0.037563 0.051151 0.030827 0.041654 
-0.050675 0.032902 -0.056904 -0.083309 0.051372 
0.092971 0.070309 0.017775 -0.033610 0.023024 
0.044912 -0.113795 0.009331 -0.100912 -0.024567 
0.000589 -0.023568 -0.041534 0.046948 0.019053 
-0.031982 -0.010104 -0.033008 -0.120085 0.014601 
-0.013314 -0.032777 0.022640 0.053925 0.056793 
-0.009301 0.011372 0.004027 -0.017398 -0.055177 
0.038121 -0.000187 0.037310 0.135976 0.012337 
0.060620 -0.032842 -0.103898 -0.068672 0.001160 
0.043004 -0.011293 0.085530 0.053401 -0.086065 
0.123377 0.016620 0.045728 -0.034590 -0.014069 
0.081166 0.009573 0.008541 0.007549 0.143099 
-0.050664 -0.045174 0.012225 -0.052408 0.008760 
-0.016453 -0.030851 -0.052611 0.054134 -0.086747 
-0.068170 0.152077 0.049576 0.035454 0.051824 
0.042151 -0.013574 0.070619 0.043677 -0.011524 
-0.051292 0.065538 -0.002312 -0.036357 0.061560 
0.011089 0.083280 -0.022801 -0.035830 0.007115 
0.022494 -0.033816 -0.026885 -0.055802 0.037931 
-0.067432 0.034696 -0.048668 0.025237 0.063419 
0.052414 0.002888 0.073912 -0.070773 0.030231 
0.098077 -0.052981 -0.038547 -0.044533 0.015899 
-0.006684 0.059142 0.015994 -0.010569 -0.114343 
0.049113 0.011781 0.007813 -0.023202 0.027226 
-0.048228 0.023363 -0.119744 -0.005880 -0.047102 
0.056647 0.043309 -0.020351 0.078326 -0.050033 
0.004297 -0.004014 -0.008930 -0.041817 -0.061743 
-0.031268 0.020567 0.053127 0.035109 0.095886 
-0.022695 -0.103689 -0.101536 -0.035350 0.033822 
-0.071528 -0.027884 -0.013301 0.135256 -0.057997 
-0.006784 0.025162 0.014105 -0.008340 0.036569 
-0.047669 -0.071591 0.074153 -0.001441 0.118717 
-0.038919 0.054650 -0.101206 -0.019929 0.096971 
0.019005 0.066319 -0.033069 -0.010263 0.057814 
-0.038319 -0.115955 0.048866 -0.085605 -0.005601 
0.066517 -0.010474 -0.068925 0.056969 0.055565 
0.068964 -0.047482 -0.006419 -0.087153 0.047383 
0.032670 -0.032209 -0.036239 0.140438 -0.038488 
-0.103112 -0.063917 0.016553 0.017109 -0.018945 
0.071205 -0.057507 0.036017 0.043139 0.045741 
0.011471 0.019692 -0.031466 -0.001430 -0.027755 
-0.010061 -0.028245 0.031925 0.070075 -0.044640 
0.079725 -0.005444 -0.055716 -0.081872 0.035299 
-0.020415 0.060898 0.037726 -0.007902 0.118692 
-0.091406 -0.074996 0.014883 -0.011479 0.096472 
-0.004637 -0.120365 0.011661 -0.019123 -0.055083 
-0.021707 0.080305 0.062197 -0.007888 -0.014681 
-0.064206 0.034037 0.066576 0.037499 -0.089224 
-0.027816 0.038300 -0.009289 -0.093182 0.126160 
0.000015 0.066641 -0.028392 0.023167 -0.021511 
0.010571 -0.044084 0.057444 0.012462 0.005604 
-0.062572 0.054520 0.053554 0.005974 0.010050 
-0.037332 0.047516 0.066630 -0.035787 0.074909 
0.066925 -0.030867 -0.053629 0.022622 0.033939 
-0.033606 0.038370 0.006718 0.000847 -0.048333 
0.027340 -0.025685 0.007564 -0.047322 -0.016881 
0.054471 -0.017126 -0.063705 0.008150 -0.059374 
0.010814 0.037617 0.025879 0.059782 -0.064248 
0.042565 0.025815 -0.028591 -0.064574 -0.034454 
-0.031756 0.000598 0.011630 0.073568 0.026113 
-0.014567 0.003799 -0.014072 0.027953 0.071711 
-0.011735 0.014001 -0.022183 0.070160 -0.007010 
-0.049052 0.104807 0.111959 -0.037082 -0.007329 
-0.011153 -0.073166 0.045311 0.040814 -0.001227 
0.040666 0.038813 -0.049173 -0.078035 0.061429 
0.063840 0.120475 0.035684 0.029819 0.046868 
-0.017290 -0.035945 0.064987 -0.053189 -0.049460 
-0.030434 0.069244 -0.015774 0.136658 -0.012690 
0.005401 -0.045873 0.006291 -0.075787 0.046146 
-0.001969 -0.104323 -0.047978 0.150326 0.032908 
-0.004080 -0.012965 -0.015875 0.014424 -0.040690 
0.098688 0.025183 -0.017974 0.072128 0.070408 
-0.030717 -0.065297 -0.073385 -0.051253 -0.014989 
0.058581 0.033837 0.014225 0.031069 -0.081646 
0.089555 -0.017678 -0.068486 -0.040654 -0.051917 
0.047272 -0.042437 -0.042350 0.019696 0.085122 
-0.053413 -0.122905 -0.021426 -0.039696 0.051817 
0.020410 -0.050261 -0.093654 -0.001174 -0.043672 
-0.102482 0.084668 0.098393 -0.052216 0.050107 
-0.005196 0.034413 0.122643 -0.031565 0.066945 
-0.079300 0.072369 -0.011993 -0.035713 0.023269 
-0.002546 0.076113 -0.067724 -0.084767 -0.053840 
0.037939 -0.091041 -0.026871 -0.009130 -0.021081 
-0.067836 0.022012 -0.052138 0.083855 0.065835 
0.061174 -0.015388 0.100602 -0.009214 0.131331 
0.048374 -0.020733 -0.009385 -0.013658 0.012043 
-0.057898 -0.017737 -0.088355 0.024991 -0.079612 
0.000356 0.019063 0.032476 0.022195 0.010063 
-0.017095 0.024040 -0.080464 0.063948 -0.114944 
0.012612 0.022171 -0.005737 0.035304 -0.061207 
0.055311 0.033024 0.010681 -0.035592 -0.053947 
-0.011004 -0.012254 0.055221 0.045545 0.049084 
0.005046 -0.005400 -0.115901 -0.044796 0.068701 
-0.005781 -0.031080 0.037791 0.097212 0.026378 
-0.032777 0.026666 0.006559 -0.032347 -0.025736 
-0.039802 -0.165807 0.007831 0.003219 0.090520 
0.051658 -0.027677 -0.121531 0.016080 0.074249 
-0.017031 0.055987 0.005024 0.056572 0.006367 
-0.029525 -0.005725 0.069335 -0.024541 -0.003936 
-0.050003 0.053274 -0.052184 0.045028 0.014532 
0.039597 -0.056809 0.094737 -0.048726 0.081476 
0.030138 -0.008376 0.001189 0.059831 -0.018934 
-0.069575 0.002414 -0.006677 -0.061422 -0.024261 
0.061177 -0.023449 -0.000323 -0.012054 -0.074484 
0.038383 0.021929 -0.101717 -0.022789 -0.036563 
0.013636 -0.063362 0.053011 0.004735 -0.077306 
0.008396 0.043986 0.028657 -0.067441 -0.008945 
-0.037043 0.071514 -0.037839 0.077754 0.066277 
-0.065319 -0.001333 0.067596 -0.021862 0.099395 
-0.063958 -0.082056 -0.044809 0.063666 0.000060 
0.046881 0.121405 0.030877 -0.008566 0.007738 
-0.043809 -0.049349 0.046172 0.040387 -0.045205 
0.007940 0.060687 -0.036544 -0.076121 0.042696 
-0.003337 0.102081 -0.040222 0.067540 -0.025542 
0.030041 -0.090029 0.041031 0.020329 -0.012727 
-0.089279 0.046642 0.018999 0.055650 0.032822 
-0.052350 -0.055869 0.123885 -0.019014 0.088042 
0.001830 -0.080700 -0.023798 -0.021378 0.007657 
-0.042996 0.023456 -0.055210 -0.018485 -0.033292 
-0.016446 0.052880 0.043571 0.032302 -0.006553 
0.054726 0.057637 -0.079728 0.030525 -0.045654 
-0.016583 0.136252 -0.001399 0.088342 0.059925 
-0.018644 0.033899 -0.026838 -0.060676 -0.084264 
-0.007612 0.086537 -0.000185 0.091345 0.006932 
-0.012308 -0.029627 -0.057073 -0.008780 0.039234 
-0.044963 -0.042058 -0.067929 0.074154 -0.051802 
-0.061304 0.020025 0.026829 -0.086288 -0.076261 
-0.069406 -0.050920 0.124796 0.022026 0.010977 
0.038169 -0.027398 -0.073580 -0.056630 0.093880 
0.081911 0.024440 0.008606 0.033419 -0.000580 
0.033675 -0.032327 -0.007767 -0.065309 -0.050057 
-0.050072 -0.014708 -0.100502 0.074529 0.005808 
0.016991 -0.022397 -0.012659 -0.102715 0.069860 
0.007505 -0.098626 0.017930 0.000660 0.030909 
-0.019108 -0.001078 -0.038606 -0.007684 -0.046485 
0.070639 0.016330 -0.034902 0.085208 0.016702 
0.031560 -0.039036 -0.086796 -0.116810 -0.043757 
0.027858 0.024031 0.045674 -0.036231 -0.081680 
0.085800 -0.045662 -0.023544 -0.087212 -0.075608 
-0.015723 -0.040238 0.013265 -0.085104 0.106223 
-0.082075 -0.107869 0.056348 -0.031110 0.053637 
0.000135 -0.037700 -0.055809 0.094526 -0.021978 
0.034525 0.054227 0.053019 0.003097 0.040872 
-0.039125 -0.085945 0.154564 0.038990 -0.027547 
0.001012 0.012970 -0.012585 -0.008224 0.076006 
0.057344 0.055498 -0.015305 -0.064045 -0.009027 
0.028053 -0.055613 0.019793 0.005156 -0.005730 
-0.081848 0.009551 -0.035835 -0.005885 -0.006310 
0.056241 0.074335 0.101385 -0.045124 0.075779 
0.098255 -0.025349 -0.135871 0.068593 0.018442 
0.008761 -0.006857 0.032026 -0.041062 -0.176540 
-0.003354 -0.030120 -0.024455 -0.009820 0.053273 
-0.013461 -0.013288 -0.112246 0.007427 0.011505 
0.000211 -0.007304 -0.033855 0.097950 -0.118398 
0.030054 0.000253 0.110782 -0.135596 -0.057368 
-0.016542 -0.002743 0.078980 0.080403 0.081391 
-0.047818 -0.058659 -0.050242 0.012663 0.083037 
-0.061626 0.019808 -0.007693 0.160145 0.019543 
0.010731 0.046526 0.068954 -0.024462 -0.015987 
0.057362 -0.091820 0.016953 0.016968 0.076250 
0.018441 0.111365 -0.067091 -0.018485 0.053164 
0.005666 0.035169 -0.035022 -0.006122 -0.002602 
-0.047379 -0.023841 0.119826 -0.069174 -0.036278 
0.066394 0.057299 -0.074109 0.057609 0.038296 
0.057444 -0.029816 0.022335 -0.034234 0.104815 
0.048829 -0.043111 -0.072490 0.067468 0.004571 
-0.110285 -0.021601 -0.020759 -0.012685 -0.017656 
0.126982 0.016916 -0.004567 0.107105 -0.027552 
0.007144 -0.013052 -0.020950 -0.061707 -0.025117 
-0.020557 -0.015960 0.045201 0.121070 -0.089963 
0.035852 0.025505 -0.020181 -0.106140 0.001278 
-0.003190 0.085573 -0.040587 -0.057134 0.092945 
-0.049909 0.014414 0.010498 -0.020042 0.053348 
-0.005743 -0.065367 -0.017619 0.024990 -0.016761 
-0.001102 0.081298 0.066867 -0.051868 -0.045101 
-0.008798 0.003830 0.082195 0.041312 -0.048878 
0.029855 0.023388 0.029924 -0.050988 0.039197 
-0.009097 0.043885 -0.079323 -0.043981 -0.028178 
0.066419 0.012794 0.059244 -0.059898 -0.071819 
-0.106012 0.055735 0.110205 0.053225 -0.000572 
-0.024268 -0.039276 0.113882 -0.011410 0.026499 
0.086180 -0.011966 0.013046 0.031127 0.066167 
-0.027553 0.060671 -0.045735 0.060949 -0.051384 
0.048136 0.029615 0.023552 0.009801 0.050664 
0.065347 -0.026945 -0.067001 -0.022261 -0.108076 
0.060158 0.041960 0.067335 0.052471 -0.029246 
0.005009 0.007741 -0.052254 -0.083086 -0.017223 
-0.052633 0.052579 0.067865 0.153710 0.017808 
-0.087647 -0.021298 -0.079632 0.070262 0.044472 
-0.050379 -0.010528 -0.002296 0.013103 -0.019826 
-0.007796 0.016897 0.056191 0.006326 -0.079428 
-0.036621 -0.124708 0.063044 -0.022890 -0.045545 
0.041047 0.025474 -0.028608 0.002726 0.048077 
0.099637 0.066892 -0.070620 0.001304 0.013309 
-0.014646 -0.054310 -0.000625 -0.041803 -0.102217 
-0.045571 -0.015019 -0.026224 0.105191 0.032885 
-0.000149 -0.033313 0.006390 -0.078169 -0.030753 
0.041211 -0.066981 0.004327 0.092330 0.071230 
-0.029542 0.036311 0.054269 0.022893 -0.046259 
-0.001621 -0.003966 0.005826 0.056342 0.042238 
-0.028467 -0.044194 -0.112504 -0.019352 -0.056343 
0.025104 0.017498 0.028931 0.016630 -0.061128 
0.115505 0.002142 0.019876 0.014986 -0.066700 
0.002735 0.027334 -0.033263 0.031449 0.112566 
-0.025718 -0.017066 -0.019976 -0.036001 0.083541 
0.048068 -0.073969 -0.035121 0.039966 -0.077883 
-0.015535 0.089870 0.023998 0.011277 0.010489 
0.033555 -0.012483 0.127157 0.027709 0.014969 
-0.033730 0.006080 -0.048319 -0.052745 0.027066 
-0.021685 0.115020 0.006318 -0.021548 0.021575 
0.090884 -0.054542 -0.015574 0.030923 -0.068692 
-0.095404 0.092367 -0.049371 -0.007959 0.012304 
0.123951 0.014405 0.082998 -0.023011 0.029154 
0.017924 -0.006151 -0.084050 0.033509 -0.002582 
0.024225 0.045534 -0.034178 -0.026409 -0.121581 
0.007469 -0.024266 0.049937 -0.020242 0.021756 
-0.020005 0.017806 -0.083185 0.089127 -0.055074 
-0.034134 0.018495 -0.014900 0.084470 -0.088049 
0.012587 0.053323 -0.003416 -0.081639 -0.022685 
0.028673 -0.041773 0.034449 0.070890 0.057659 
0.017152 -0.036172 -0.093521 -0.025296 0.035162 
0.029819 -0.039228 0.085181 0.163548 -0.001854 
-0.029758 0.022943 0.021209 -0.070771 0.014429 
-0.013368 -0.088799 -0.009255 -0.052504 0.041099 
0.025723 0.001161 -0.107366 -0.001012 0.033565 
0.044131 0.035694 -0.021740 0.002649 0.007424 
-0.085656 -0.093763 -0.001170 -0.025695 -0.037360 
-0.044626 0.064499 -0.071805 -0.003962 0.048891 
0.024092 -0.027384 0.095833 -0.090763 0.002000 
0.023459 0.019764 -0.029245 0.119488 0.005968 
-0.096712 -0.071733 -0.047297 -0.074321 -0.062880 
0.035501 -0.027280 0.037144 0.008541 0.020241 
0.018467 -0.015675 -0.095340 -0.027954 -0.069184 
-0.012559 -0.010226 -0.008974 0.014176 -0.089107 
0.055689 0.060512 0.073656 -0.081115 0.028454 
-0.087380 0.077056 -0.016938 -0.014435 0.091481 
-0.117469 0.042015 0.041204 -0.038524 0.004206 
-0.062655 -0.068726 -0.052024 -0.002012 -0.016652 
0.058910 0.036081 0.033210 -0.054379 0.003673 
-0.091615 -0.001601 0.019547 0.062960 -0.110025 
-0.019088 0.071235 -0.039133 -0.103127 0.005287 
0.019768 0.106127 -0.017072 -0.008543 -0.093660 
0.044248 -0.053844 0.097968 0.000346 0.012930 
-0.032294 0.027944 0.021196 0.006513 -0.001250 
-0.020211 0.039251 0.067859 0.020349 0.058248 
0.024609 -0.074146 -0.100418 0.030150 0.026229 
-0.039773 0.099169 0.008735 -0.011164 -0.109708 
0.001230 0.003111 0.054746 0.076006 0.018527 
0.098756 0.017060 -0.025289 -0.006160 -0.078352 
0.002616 0.144579 -0.020766 0.062239 -0.016518 
-0.035809 -0.021765 -0.035105 -0.144630 -0.095066 
0.010952 0.046460 0.068649 0.085352 0.087482 
-0.033104 -0.048980 -0.018280 -0.014775 0.025770 
-0.111625 -0.092460 0.005859 0.075107 -0.062936 
-0.085897 0.005900 0.055026 -0.087076 -0.027440 
-0.033017 -0.063979 0.066972 0.028398 0.010265 
-0.030890 -0.001574 -0.045533 -0.106812 0.113658 
0.104903 0.004971 0.028534 -0.023905 0.074634 
-0.025588 -0.100482 -0.029403 -0.070372 -0.062718 
-0.020418 -0.021403 -0.043078 0.080410 0.075037 
-0.035154 -0.074551 -0.013207 -0.145218 -0.000997 
-0.014570 -0.065138 0.008479 0.044833 0.024817 
-0.038683 0.006048 0.032395 -0.031666 -0.059782 
0.070540 0.001925 0.005314 0.060966 0.028570 
0.041891 -0.035393 -0.044033 -0.087988 0.022861 
0.054156 0.027545 0.100860 -0.032365 -0.073861 
0.047055 -0.005439 0.042181 -0.028039 0.007216 
0.034289 -0.013035 0.012785 -0.068215 0.102120 
-0.090059 -0.035706 0.026737 -0.089429 0.038438 
-0.040128 -0.077000 -0.054932 0.048963 -0.127689 
-0.020587 0.094010 0.104367 -0.014378 0.068899 
0.007536 -0.012966 0.078066 0.039371 0.013971 
-0.019439 0.083877 -0.042991 -0.046952 0.039415 
0.055981 0.076150 -0.000417 -0.001657 -0.048929 
0.046983 -0.072438 -0.012301 -0.047275 -0.023350 
-0.059164 -0.003587 -0.100107 0.007189 0.060971 
0.042822 -0.008493 0.134842 -0.044502 -0.010541 
0.089334 -0.016620 -0.048559 -0.027560 -0.005511 
-0.032724 0.034262 -0.042951 0.017548 -0.145421 
0.056398 -0.006331 0.030847 0.001640 0.057797 
-0.063806 -0.000882 -0.091910 0.016087 -0.019546 
0.061433 0.036856 -0.056495 0.069485 -0.031554 
-0.012055 0.017768 0.015448 -0.074610 -0.037352 
-0.004122 -0.064702 0.053976 0.074254 0.134606 
-0.001169 -0.110572 -0.031859 0.002913 0.016777 
-0.083814 0.052146 0.036174 0.103645 -0.024775 
-0.005335 0.048662 0.002436 -0.040366 0.023406 
-0.028113 -0.087518 0.030981 0.017198 0.042213 
0.009268 0.022638 -0.091913 -0.007325 0.067826 
0.007175 0.039739 -0.030746 0.019636 0.060134 
0.002597 -0.074017 0.092250 -0.059181 -0.016534 
-0.011358 -0.017007 -0.017703 0.102970 0.122663 
0.057377 -0.041987 -0.053837 -0.031373 0.063014 
0.006671 -0.090650 -0.138471 0.106533 0.010497 
-0.102967 -0.075716 -0.038511 -0.071066 0.017321 
0.093836 -0.006301 0.118555 0.061346 0.013449 
-0.000558 0.009959 -0.026395 -0.028150 -0.032041 
0.044864 -0.060691 0.041780 0.046048 -0.051785 
0.062238 0.004872 0.030879 -0.128966 0.012667 
0.023845 0.078065 0.044196 0.046742 0.148868 
-0.030628 -0.042491 0.021535 -0.011918 0.043483 
-0.047778 -0.117530 -0.005429 -0.008792 -0.098801 
0.020009 0.106857 0.089897 0.024663 -0.061028 
-0.015371 0.069471 0.045508 0.046334 -0.069530 
0.010731 0.072915 0.065071 -0.058529 0.071085 
-0.012683 0.094842 -0.090176 0.065021 -0.044033 
0.019140 -0.012000 0.092585 -0.034244 -0.040555 
-0.084684 -0.011832 0.061629 0.009146 0.027188 
-0.026891 0.080725 0.088536 -0.084517 0.044584 
0.093624 -0.016766 0.021101 -0.002887 0.009587 
-0.068241 0.007223 -0.040467 0.035718 -0.043998 
0.050133 0.003764 0.010389 -0.000348 -0.020485 
0.049700 -0.066152 -0.041930 -0.021767 -0.077931 
0.035116 0.108204 0.024456 0.032605 -0.043283 
0.024511 0.009921 -0.031396 -0.173419 -0.049078 
-0.014906 0.036522 0.041073 0.061298 0.024532 
-0.074779 -0.013084 0.018258 0.041618 0.044657 
-0.018537 0.007319 -0.066448 0.027570 -0.032981 
-0.024516 0.092119 0.129643 -0.016032 -0.072728 
-0.044848 -0.084876 0.072567 0.089222 -0.006042 
0.077927 0.001985 -0.041619 -0.009227 0.069988 
0.088912 0.133137 -0.016458 0.008841 0.031287 
-0.047102 -0.083683 0.030843 -0.112282 -0.103671 
-0.006459 -0.031852 -0.057190 0.207145 -0.002174 
-0.047509 -0.051560 -0.034172 -0.058751 0.014904 
-0.055125 -0.123573 -0.025949 0.094512 0.035410 
0.003286 0.008369 0.029091 0.023530 -0.021963 
0.056787 0.037285 -0.041070 0.012945 0.109131 
-0.012940 -0.088290 -0.060557 -0.064861 0.027757 
0.012384 0.004678 -0.022211 0.059852 -0.089239 
0.120404 0.036099 -0.023853 -0.025676 0.001845 
0.000298 -0.029950 -0.027028 0.027301 0.128816 
-0.046314 -0.030039 0.011273 -0.059749 0.055640 
0.001351 -0.032191 -0.091552 0.054641 0.010980 
-0.105128 0.083057 0.017517 0.006971 -0.014256 
0.046500 0.060555 0.099997 0.034081 0.044797 
-0.117689 0.049576 -0.059663 -0.109523 0.015561 
-0.039089 0.097102 -0.015266 -0.057401 0.015861 
0.029363 -0.123492 0.017355 -0.025359 0.005924 
