/*
 * FILTER SPECIFICATION FILE
 * FILTER TYPE:ROOT RAISED COSINE            12H
 * PASSBAND RIPPLE IN -dB            -.0500
 * STOPBAND RIPPLE IN -dB          -50.0000
 * SYMBOL RATE                  .538112E+07 HERTZ
 * ROLLOF FACTOR                .115200
 * SAMPLING FREQUENCY           .215245E+08 HERTZ
*/
   .8186036720871925E-03,
  -.1256920862942934E-02,
  -.4844595678150654E-02,
  -.6055080797523260E-02,
  -.4247304052114487E-02,
  -.9502284228801727E-03,
   .1615938264876604E-02,
   .2120061777532101E-02,
   .6354246288537979E-03,
  -.1464351080358028E-02,
  -.2508673351258040E-02,
  -.1573510002344847E-02,
   .8145328611135483E-03,
   .2996938303112984E-02,
   .3244197461754084E-02,
   .1038576476275921E-02,
  -.2401810139417648E-02,
  -.4728596191853285E-02,
  -.4019895102828741E-02,
  -.2215979620814323E-03,
   .4481043666601181E-02,
   .6867439020425081E-02,
   .4793671425431967E-02,
  -.1089230179786682E-02,
  -.7325290236622095E-02,
  -.9580074809491634E-02,
  -.5532339215278626E-02,
   .3166179172694683E-02,
   .1132524851709604E-01,
   .1316944882273674E-01,
   .6192639470100403E-02,
  -.6509334780275822E-02,
  -.1730504119768739E-01,
  -.1832502009347081E-01,
  -.6741075310856104E-02,
   .1229691226035357E-01,
   .2738198731094599E-01,
   .2702147699892521E-01,
   .7156732492148876E-02,
  -.2432488137856126E-01,
  -.4934547096490860E-01,
  -.4763523396104574E-01,
  -.7410581223666668E-02,
   .6681889295578003E-01,
   .1538293845951557E+00,
   .2236228249967098E+00,
   .2502835178747773E+00,
   .2236228249967098E+00,
   .1538293845951557E+00,
   .6681889295578003E-01,
  -.7410581223666668E-02,
  -.4763523396104574E-01,
  -.4934547096490860E-01,
  -.2432488137856126E-01,
   .7156732492148876E-02,
   .2702147699892521E-01,
   .2738198731094599E-01,
   .1229691226035357E-01,
  -.6741075310856104E-02,
  -.1832502009347081E-01,
  -.1730504119768739E-01,
  -.6509334780275822E-02,
   .6192639470100403E-02,
   .1316944882273674E-01,
   .1132524851709604E-01,
   .3166179172694683E-02,
  -.5532339215278626E-02,
  -.9580074809491634E-02,
  -.7325290236622095E-02,
  -.1089230179786682E-02,
   .4793671425431967E-02,
   .6867439020425081E-02,
   .4481043666601181E-02,
  -.2215979620814323E-03,
  -.4019895102828741E-02,
  -.4728596191853285E-02,
  -.2401810139417648E-02,
   .1038576476275921E-02,
   .3244197461754084E-02,
   .2996938303112984E-02,
   .8145328611135483E-03,
  -.1573510002344847E-02,
  -.2508673351258040E-02,
  -.1464351080358028E-02,
   .6354246288537979E-03,
   .2120061777532101E-02,
   .1615938264876604E-02,
  -.9502284228801727E-03,
  -.4247304052114487E-02,
  -.6055080797523260E-02,
  -.4844595678150654E-02,
  -.1256920862942934E-02,
   .8186036720871925E-03
