  -.1141865178942680e-01,
   .2192483097314835e-01,
  -.6814673542976379e-04,
  -.5894266534596682e-02,
  -.3580642864108086e-02,
   .7064016535878182e-03,
   .3225978463888168e-02,
   .2832664176821709e-02,
   .4997388459742069e-03,
  -.1796286087483168e-02,
  -.2396093215793371e-02,
  -.1009003724902868e-02,
   .1184449531137943e-02,
   .2406611572951078e-02,
   .1609810627996922e-02,
  -.6790305487811565e-03,
  -.2634476870298386e-02,
  -.2524725627154112e-02,
  -.1492514275014401e-03,
   .2789965830743313e-02,
   .3848167601972818e-02,
   .1755146309733391e-02,
  -.2288600429892540e-02,
  -.5209952127188444e-02,
  -.4314901307225227e-02,
   .3885449841618538e-03,
   .5747230723500252e-02,
   .7460035849362612e-02,
   .3387423232197762e-02,
  -.4307936877012253e-02,
  -.1007711654528976e-01,
  -.8849395904690027e-02,
  -.1979861408472061e-03,
   .1040456583723426e-01,
   .1484309835359454e-01,
   .8285604882985354e-02,
  -.6346960552036762e-02,
  -.1915087224915624e-01,
  -.1949162455275655e-01,
  -.4145141225308180e-02,
   .1850909460335970e-01,
   .3220130456611514e-01,
   .2337836893275380e-01,
  -.7863232865929604e-02,
  -.4402747144922614e-01,
  -.5751598253846169e-01,
  -.2598480274900794e-01,
   .5246857088059187e-01,
   .1544690094888210e+00,
   .2405302016995847e+00,
   .2741314689628780e+00,
   .2405302016995847e+00,
   .1544690094888210e+00,
   .5246857088059187e-01,
  -.2598480274900794e-01,
  -.5751598253846169e-01,
  -.4402747144922614e-01,
  -.7863232865929604e-02,
   .2337836893275380e-01,
   .3220130456611514e-01,
   .1850909460335970e-01,
  -.4145141225308180e-02,
  -.1949162455275655e-01,
  -.1915087224915624e-01,
  -.6346960552036762e-02,
   .8285604882985354e-02,
   .1484309835359454e-01,
   .1040456583723426e-01,
  -.1979861408472061e-03,
  -.8849395904690027e-02,
  -.1007711654528976e-01,
  -.4307936877012253e-02,
   .3387423232197762e-02,
   .7460035849362612e-02,
   .5747230723500252e-02,
   .3885449841618538e-03,
  -.4314901307225227e-02,
  -.5209952127188444e-02,
  -.2288600429892540e-02,
   .1755146309733391e-02,
   .3848167601972818e-02,
   .2789965830743313e-02,
  -.1492514275014401e-03,
  -.2524725627154112e-02,
  -.2634476870298386e-02,
  -.6790305487811565e-03,
   .1609810627996922e-02,
   .2406611572951078e-02,
   .1184449531137943e-02,
  -.1009003724902868e-02,
  -.2396093215793371e-02,
  -.1796286087483168e-02,
   .4997388459742069e-03,
   .2832664176821709e-02,
   .3225978463888168e-02,
   .7064016535878182e-03,
  -.3580642864108086e-02,
  -.5894266534596682e-02,
  -.6814673542976379e-04,
   .2192483097314835e-01,
  -.1141865178942680e-01
