271 127
3 7
3 3 3 3 3 3 3 3 3 3 3 3 3 3 3 3 3 3 3 3 3 3 3 3 3 3 3 3 3 3 3 3 3 3 3 3 3 3 3 3 3 3 3 3 3 3 3 3 3 3 3 3 3 3 3 3 3 3 3 3 3 3 3 3 3 3 3 3 3 3 3 3 3 3 3 3 3 3 3 3 3 3 3 3 3 3 3 3 3 3 3 3 3 3 3 3 3 3 3 3 3 3 3 3 3 3 3 3 3 3 3 3 3 3 3 3 3 3 3 3 3 3 3 3 3 3 3 3 3 3 3 3 3 3 3 3 3 3 3 3 3 3 3 3 3 3 3 3 3 3 3 3 3 3 3 3 3 3 3 3 3 3 3 3 3 3 3 3 3 3 3 3 3 3 3 3 3 3 3 3 3 3 3 3 3 3 3 3 3 3 3 3 3 3 3 3 3 3 3 3 3 3 3 3 3 3 3 3 3 3 3 3 3 3 3 3 3 3 3 3 3 3 3 3 3 3 3 3 3 3 3 3 3 3 3 3 3 3 3 3 3 3 3 3 3 3 3 3 3 3 3 3 3 3 3 3 3 3 3 3 3 3 3 3 3 3 3 3 3 3 3 
7 7 7 7 7 7 7 7 7 7 7 7 7 7 7 7 7 7 7 7 7 7 7 7 7 7 7 7 7 7 7 7 7 7 7 7 7 7 7 7 7 7 7 7 7 7 7 7 7 7 7 6 6 6 6 6 6 6 6 6 6 6 6 6 6 6 6 6 6 6 6 6 6 6 6 6 6 6 6 6 6 6 6 6 6 6 6 6 6 6 6 6 6 6 6 6 6 6 6 6 6 6 6 6 6 6 6 6 6 6 6 6 6 6 6 6 6 6 6 6 6 6 6 6 6 6 6 
121 50 63 
20 1 68 
98 56 60 
48 99 57 
53 31 59 
93 101 46 
47 15 2 
9 49 75 
38 39 77 
118 16 55 
76 13 40 
29 54 91 
48 23 114 
94 24 68 
100 114 21 
127 19 34 
44 8 33 
3 123 50 
78 100 79 
59 81 98 
67 39 37 
124 54 47 
7 27 64 
67 28 74 
51 75 118 
5 88 55 
45 81 18 
66 103 99 
41 82 102 
65 123 86 
118 25 119 
60 78 113 
89 110 87 
88 30 22 
4 14 44 
110 102 17 
122 125 70 
46 22 109 
16 90 97 
35 73 58 
102 3 119 
127 11 10 
59 36 111 
37 50 78 
34 73 101 
92 74 29 
79 26 40 
97 22 100 
65 84 12 
26 55 9 
38 21 31 
108 45 70 
3 43 26 
57 105 33 
51 31 74 
69 71 60 
96 124 117 
93 72 71 
13 5 30 
42 86 11 
37 6 95 
12 50 47 
43 113 80 
90 107 9 
24 125 44 
83 82 15 
107 28 21 
7 87 81 
124 104 23 
89 121 98 
5 122 27 
83 38 12 
77 120 76 
4 25 33 
40 114 95 
108 20 23 
37 56 2 
126 89 24 
53 52 10 
120 109 117 
49 64 8 
111 6 77 
70 49 19 
112 96 1 
14 72 10 
36 17 87 
7 32 115 
28 34 5 
72 18 8 
29 49 11 
63 119 13 
83 61 11 
27 17 26 
51 93 82 
39 91 61 
30 110 115 
22 15 28 
115 20 42 
96 67 97 
116 38 105 
27 45 32 
16 3 6 
106 14 88 
58 51 61 
103 29 20 
94 84 117 
6 109 13 
19 66 53 
86 30 57 
48 105 43 
35 12 25 
58 14 18 
44 36 1 
62 46 35 
41 64 69 
113 121 1 
9 127 4 
43 92 42 
52 25 104 
35 7 122 
112 120 36 
65 71 23 
52 54 41 
39 85 32 
32 80 24 
48 123 63 
15 40 31 
90 106 56 
21 45 91 
116 92 68 
112 18 116 
80 125 47 
4 17 2 
106 107 101 
94 108 62 
126 69 99 
41 95 34 
111 19 2 
75 62 42 
104 103 33 
84 85 16 
73 46 76 
10 85 8 
79 126 66 
68 63 3 
59 25 91 
69 2 81 
50 23 89 
69 49 22 
80 98 30 
24 31 127 
88 37 104 
52 18 37 
6 104 65 
40 2 22 
6 81 40 
110 33 51 
110 5 42 
112 84 119 
74 53 63 
60 123 124 
4 104 60 
122 105 55 
43 12 16 
126 44 114 
124 84 118 
57 10 50 
98 108 13 
116 22 126 
54 95 18 
107 19 7 
45 28 118 
61 54 72 
6 39 97 
67 34 93 
10 42 121 
94 91 123 
66 96 40 
75 78 44 
71 49 101 
88 83 26 
20 62 7 
119 87 38 
17 32 100 
63 87 85 
92 30 15 
82 23 60 
113 98 20 
5 73 24 
46 102 89 
71 62 58 
65 9 48 
99 45 62 
86 23 26 
91 117 51 
65 42 36 
87 112 126 
127 50 114 
125 124 102 
41 8 114 
54 77 1 
29 99 33 
111 45 47 
30 14 105 
108 107 116 
19 47 32 
76 122 112 
116 21 64 
72 80 92 
110 14 64 
35 108 78 
55 4 89 
115 82 27 
25 56 27 
17 95 111 
59 43 29 
47 61 16 
39 81 90 
15 35 18 
103 85 13 
106 99 34 
109 66 90 
26 115 31 
120 27 3 
83 70 10 
118 57 4 
41 15 58 
34 36 117 
125 28 53 
109 38 24 
35 20 5 
36 96 16 
72 106 19 
1 46 122 
94 76 97 
106 2 61 
80 48 13 
68 52 74 
94 121 82 
86 113 14 
57 37 107 
44 119 48 
121 68 31 
66 46 125 
77 7 79 
90 3 83 
102 9 73 
84 100 58 
29 73 78 
103 67 11 
33 49 32 
12 8 28 
93 69 97 
120 127 67 
71 75 103 
92 101 52 
105 96 85 
120 75 56 
88 79 53 
17 8 1 
59 64 101 
109 12 79 
77 21 113 
11 93 38 
11 74 70 
41 115 123 
25 117 55 
70 86 100 
43 56 76 
95 9 51 
21 111 39 
260 234 201 116 113 84 2 
236 155 147 138 133 77 7 
246 224 145 102 53 41 18 
226 212 162 133 117 74 35 
231 189 158 88 71 59 26 
174 156 154 107 102 82 61 
245 182 171 120 87 68 23 
260 252 200 143 89 81 17 
270 247 192 117 64 50 8 
225 176 167 143 85 79 42 
265 264 250 92 90 60 42 
262 252 164 111 72 62 49 
237 220 168 107 91 59 11 
240 210 204 112 103 85 35 
227 219 186 127 97 66 7 
232 217 164 141 102 39 10 
260 215 184 133 93 86 36 
219 170 153 131 112 89 27 
233 206 171 138 108 83 16 
231 188 182 105 98 76 2 
271 263 208 129 67 51 15 
169 155 149 97 48 38 34 
194 187 148 122 76 69 13 
230 189 151 125 78 65 14 
267 214 146 119 111 74 31 
223 194 181 93 53 50 47 
224 214 213 101 93 71 23 
252 229 172 97 88 67 24 
249 216 202 105 90 46 12 
204 186 150 109 96 59 34 
243 223 151 127 55 51 5 
251 206 184 125 124 101 87 
251 202 157 140 74 54 17 
228 221 175 137 88 45 16 
231 219 211 120 114 111 40 
232 228 196 121 113 86 43 
241 153 152 77 61 44 21 
264 230 183 100 72 51 9 
271 218 174 124 95 21 9 
178 156 155 127 75 47 11 
266 227 200 137 123 115 29 
196 176 158 139 118 98 60 
269 216 164 118 110 63 53 
242 179 165 113 65 35 17 
203 193 172 129 101 52 27 
244 234 190 142 114 38 6 
217 206 203 132 62 22 7 
242 237 192 126 110 13 4 
251 180 149 90 83 81 8 
198 167 148 62 44 18 1 
270 195 157 104 94 55 25 
256 238 153 123 119 79 0 
259 229 160 108 79 5 0 
201 173 170 123 22 12 0 
267 212 163 50 26 10 0 
269 258 214 128 77 3 0 
241 226 167 109 54 4 0 
248 227 191 112 104 40 0 
261 216 146 43 20 5 0 
187 162 161 56 32 3 0 
236 217 173 104 95 92 0 
193 191 182 139 135 114 0 
185 160 145 126 91 1 0 
261 210 208 115 81 23 0 
196 192 154 122 49 30 0 
244 222 178 144 108 28 0 
254 250 175 99 24 21 0 
243 238 145 130 14 2 0 
253 149 147 136 115 56 0 
268 265 225 83 52 37 0 
255 191 180 122 58 56 0 
233 209 173 89 85 58 0 
249 247 189 142 45 40 0 
265 238 160 55 46 24 0 
258 255 179 139 25 8 0 
269 235 207 142 73 11 0 
263 245 201 82 73 9 0 
249 211 179 44 32 19 0 
262 259 245 144 47 19 0 
237 209 150 132 125 63 0 
218 156 147 68 27 20 0 
239 213 187 94 66 29 0 
246 225 181 92 72 66 0 
248 166 159 141 106 49 0 
257 220 185 143 141 124 0 
268 240 194 109 60 30 0 
197 185 183 86 68 33 0 
259 181 152 103 34 26 0 
212 190 148 78 70 33 0 
246 222 218 128 64 39 0 
195 177 146 129 95 12 0 
256 209 186 130 118 46 0 
264 253 175 94 58 6 0 
239 235 177 135 106 14 0 
270 215 170 137 75 61 0 
257 232 178 99 84 57 0 
253 235 174 99 48 39 0 
188 168 150 70 20 3 0 
221 202 193 136 28 4 0 
268 248 184 48 19 15 0 
261 256 180 134 45 6 0 
247 199 190 41 36 29 0 
255 250 220 140 105 28 0 
162 154 152 140 119 69 0 
257 204 163 110 100 54 0 
236 233 221 134 128 103 0 
241 205 171 134 67 64 0 
211 205 168 135 76 52 0 
262 230 222 107 80 38 0 
210 158 157 96 36 33 0 
271 215 203 138 82 43 0 
207 197 159 131 121 84 0 
263 240 188 116 63 32 0 
200 198 165 75 15 13 0 
266 223 213 98 96 87 0 
208 205 169 131 130 100 0 
267 228 195 106 80 57 0 
226 172 166 31 25 10 0 
242 183 159 91 41 31 0 
258 254 224 121 80 73 0 
243 239 176 116 70 1 0 
234 207 163 120 71 37 0 
266 177 161 126 30 18 0 
199 166 161 69 57 22 0 
244 229 199 132 65 37 0 
197 169 165 144 136 78 0 
254 198 151 117 42 16 0 
